1000 38 1 0 1 
1001 52 0 1 3 
1002 29 1 4 2 
1003 45 0 2 2 
1004 34 1 3 2 
1005 36 1 1 2 
1007 27 1 7 2 
1008 53 1 6 1 
1010 60 0 7 1 
1011 28 1 0 2 
1013 35 1 0 2 
1014 45 1 6 1 
1015 25 1 7 2 
1016 47 1 4 2 
1018 30 1 0 3 
1019 51 0 7 3 
1020 36 1 2 2 
1021 35 0 3 3 
1022 33 1 0 2 
1023 53 0 4 2 
1024 28 0 2 2 
1025 39 0 0 2 
1026 35 1 4 2 
1027 31 1 2 2 
1028 27 0 5 3 
1031 52 1 0 3 
1032 49 1 4 2 
1033 27 1 0 1 
1034 31 0 3 3 
1035 39 1 2 2 
1037 45 0 1 3 
1038 29 1 8 2 
1039 49 0 4 3 
1041 56 0 6 3 
1042 54 1 7 1 
1043 56 1 2 1 
1044 30 1 0 1 
1045 23 1 1 2 
1047 29 0 0 2 
1050 42 0 4 3 
1051 38 0 0 2 
1052 62 0 5 2 
1053 25 1 0 2 
1054 47 0 0 3 
1055 27 1 0 2 
1056 44 0 1 3 
1057 29 1 2 2 
1059 29 0 0 2 
1060 50 1 1 1 
1061 35 0 0 2 
1063 27 0 2 3 
1064 41 1 3 4 
1065 40 0 1 3 
1068 33 1 0 3 
1069 42 0 0 2 
1070 30 0 0 2 
1071 41 1 0 3 
1072 51 1 0 2 
1073 25 0 3 3 
1074 24 1 5 2 
1075 35 1 6 2 
1076 34 0 0 3 
1078 28 0 6 4 
1083 30 1 4 2 
1084 33 0 1 3 
1085 45 0 0 3 
1086 27 1 4 2 
1087 34 0 3 3 
1089 53 1 0 2 
1090 28 0 2 2 
1091 50 1 0 1 
1092 32 0 1 2 
1093 32 1 2 2 
1094 32 1 0 2 
1095 34 0 6 3 
1096 29 1 0 2 
1098 35 1 0 2 
1100 30 1 2 3 
1101 53 0 0 3 
1102 27 0 0 2 
1103 42 0 0 2 
1104 54 0 5 3 
1105 48 1 5 3 
1106 28 1 0 2 
1107 31 1 1 2 
1108 42 0 3 2 
1110 31 0 1 3 
1112 36 1 4 3 
1114 35 1 4 2 
1115 34 0 0 2 
1116 37 0 0 3 
1117 42 0 2 2 
1118 46 0 1 3 
1119 46 0 6 3 
1120 23 1 2 2 
1121 55 0 7 2 
1122 28 0 0 4 
1123 36 1 0 3 
1124 32 0 2 3 
1126 29 1 0 2 
1127 59 0 7 3 
1128 59 0 0 2 
1129 50 1 6 2 
1130 51 1 3 3 
1132 50 1 0 3 
1133 57 0 0 2 
1135 29 1 0 2 
1138 31 1 0 2 
1139 36 0 3 2 
1140 51 0 0 2 
1141 30 0 6 3 
1142 29 0 3 2 
1145 23 0 6 2 
1146 31 0 0 3 
1147 50 0 0 3 
1148 33 1 0 3 
1149 38 1 2 2 
1151 39 0 4 3 
1152 45 1 0 2 
1153 33 1 1 3 
1154 23 0 4 2 
1155 51 1 1 2 
1156 46 1 4 2 
1157 48 1 6 2 
1159 48 0 2 3 
1162 28 0 3 2 
1163 60 1 1 2 
1164 50 0 1 3 
1165 55 0 3 2 
1166 22 0 6 2 
1167 23 0 3 3 
1168 43 0 2 2 
1169 31 0 2 2 
1170 40 0 1 3 
1171 36 0 0 2 
1174 30 0 6 2 
1175 36 1 1 4 
1176 33 1 6 2 
1178 31 1 0 2 
1179 33 1 0 2 
1180 58 1 2 2 
1181 34 0 0 2 
1188 48 0 2 3 
1189 32 0 3 3 
1190 51 0 5 3 
1191 52 0 5 0 
1192 35 0 3 0 
1193 52 0 5 0 
1194 29 0 3 0 
1195 45 0 3 0 
1196 52 0 5 0 
1197 45 0 1 0 
1198 42 0 5 0 
1199 51 0 4 3 
1200 42 0 9 0 
1201 31 0 4 2 
1202 42 0 9 0 
1203 31 0 2 0 
1204 41 1 3 3 
1208 51 1 1 1 
1209 38 0 0 2 
1211 28 0 0 2 
1212 49 0 4 3 
1213 63 0 0 3 
1214 32 1 7 2 
1218 27 0 3 2 
1219 39 0 4 2 
1220 26 0 6 2 
1221 50 0 5 3 
1224 33 1 0 2 
1225 46 1 4 1 
1226 22 1 4 2 
1229 42 1 3 3 
1230 31 1 6 2 
1231 36 1 6 3 
1232 34 0 0 3 
1233 61 1 7 3 
1235 35 1 5 3 
1236 27 1 0 2 
1237 27 0 2 2 
1238 26 1 2 2 
1239 56 0 0 3 
1244 55 1 4 2 
1245 57 0 4 2 
1248 56 1 1 2 
1249 38 1 1 2 
1251 47 1 3 2 
1252 59 1 1 2 
1253 34 1 1 2 
1254 31 1 0 2 
1255 39 0 0 3 
1257 59 0 5 3 
1258 36 0 0 2 
1259 29 1 0 2 
1260 39 1 2 2 
1262 29 0 4 2 
1263 58 1 3 2 
1264 49 1 0 2 
1266 45 1 5 3 
1268 31 1 0 2 
1270 27 0 6 3 
1278 36 0 4 0 
1279 57 0 0 2 
1280 34 1 5 3 
1281 37 1 7 3 
1282 47 1 3 2 
1283 42 0 6 3 
1284 24 0 0 2 
1285 53 1 6 2 
1286 35 1 6 1 
1287 37 0 0 2 
1288 46 0 2 3 
1290 40 1 3 3 
1291 47 1 5 3 
1292 50 1 2 3 
1293 39 1 3 3 
1297 27 1 6 2 
1298 51 1 3 1 
1299 58 0 0 2 
1300 54 1 0 2 
1301 28 1 1 3 
1302 45 1 2 3 
1303 46 1 2 3 
1304 42 0 0 3 
1305 50 1 2 2 
1307 39 1 1 3 
1308 51 0 3 3 
1309 27 0 4 2 
1310 51 1 2 1 
1311 51 1 4 3 
1312 41 0 4 3 
1313 36 1 0 2 
1314 42 1 1 3 
1315 49 1 0 3 
1316 41 1 3 3 
1317 42 1 1 2 
1318 36 0 4 3 
1320 30 1 6 1 
1321 33 0 0 2 
1324 38 1 0 3 
1325 32 0 1 2 
1327 48 1 0 2 
1328 43 1 2 3 
1332 56 1 2 1 
1334 29 1 7 3 
1336 61 1 0 2 
1338 52 1 5 2 
1340 51 1 0 3 
1341 48 1 1 3 
1342 55 1 0 0 
1343 59 0 0 3 
1344 57 1 0 3 
1345 49 0 0 3 
1349 27 1 7 3 
1350 53 0 7 2 
1351 37 1 0 2 
1352 33 1 3 2 
1353 49 0 6 3 
1355 24 0 0 3 
1357 56 1 3 2 
1359 40 0 4 2 
1360 29 0 1 2 
1361 26 1 1 2 
1362 50 1 5 3 
1365 28 1 6 2 
1366 47 1 1 2 
1367 37 1 5 2 
1368 57 0 3 3 
1369 28 1 3 2 
1370 28 0 3 2 
1371 22 1 3 2 
1372 37 1 1 2 
1373 22 1 0 2 
1374 31 0 5 3 
1376 27 0 2 2 
1377 51 1 3 2 
1378 52 0 3 2 
1379 59 0 3 2 
1381 68 1 0 2 
1382 53 1 0 2 
1383 45 0 2 2 
1385 36 1 0 3 
1386 34 1 6 3 
1388 25 0 2 3 
1389 21 1 0 2 
1390 50 0 1 3 
1393 57 1 0 2 
1394 61 1 0 2 
1397 62 1 0 3 
1399 43 1 0 2 
1400 50 1 6 2 
1401 17 1 0 1 
1402 68 0 4 3 
1403 34 0 0 2 
1404 24 1 2 2 
1405 37 1 2 2 
1406 38 0 2 3 
1407 43 0 5 3 
1408 31 1 0 2 
1409 51 1 0 2 
1410 37 1 0 2 
1411 41 0 5 2 
1412 31 1 1 2 
1413 52 0 0 2 
1414 51 1 0 2 
1415 53 1 0 1 
1417 30 1 0 2 
1418 22 0 0 1 
1419 43 1 2 2 
1420 26 0 2 2 
1421 30 0 4 2 
1422 36 0 4 2 
1423 32 1 1 2 
1424 34 0 0 2 
1425 32 0 1 2 
1426 40 0 3 2 
1428 21 0 4 2 
1429 28 0 7 2 
1432 38 1 0 2 
1435 45 0 3 2 
1436 52 0 0 2 
1437 51 1 3 2 
1438 33 0 2 3 
1439 48 0 0 1 
1440 47 1 2 2 
1441 24 0 3 2 
1442 55 1 3 2 
1443 48 1 3 2 
1444 30 1 1 1 
1446 23 0 0 2 
1447 42 1 0 3 
1448 41 0 0 3 
1449 23 0 0 2 
1450 65 1 0 3 
1451 24 0 0 2 
1454 22 1 0 2 
1455 32 1 1 2 
1457 38 0 0 2 
1458 44 0 5 3 
1459 45 0 0 2 
1461 30 1 1 2 
1462 31 0 1 3 
1463 37 0 4 2 
1464 33 0 1 2 
1465 50 1 5 3 
1466 35 1 1 2 
1467 37 0 1 3 
1468 49 0 2 3 
1469 31 1 4 2 
1470 48 0 0 2 
1471 40 0 2 3 
1472 42 0 4 2 
1473 60 1 1 2 
1474 41 0 3 3 
1475 34 1 1 1 
1476 37 0 1 2 
1477 35 0 2 2 
1478 47 0 4 3 
1479 40 1 4 2 
1480 33 1 1 3 
1481 57 1 2 1 
1482 22 1 1 2 
1484 29 1 0 0 
1485 36 0 4 2 
1486 29 0 1 2 
1487 25 0 2 2 
1488 45 0 4 2 
1489 31 1 0 2 
1490 42 0 2 3 
1491 49 1 0 1 
1493 47 1 2 2 
1494 51 0 2 3 
1495 22 1 0 2 
1496 22 0 0 2 
1497 60 0 1 2 
1498 55 1 2 2 
1499 32 0 1 2 
1500 37 1 3 3 
1501 30 1 1 1 
1502 30 1 0 3 
1503 36 0 1 2 
1504 49 1 0 2 
1505 34 0 3 2 
1507 53 1 2 2 
1508 29 1 1 3 
1509 29 1 7 1 
1512 22 1 0 1 
1513 56 1 4 2 
1514 33 1 1 2 
1515 56 0 2 2 
1516 28 0 1 2 
1518 31 1 0 2 
1519 21 1 0 1 
1521 38 1 3 3 
1522 24 1 0 2 
1523 24 0 3 3 
1524 29 0 1 2 
1525 33 0 1 2 
1527 49 0 2 2 
1528 52 0 1 3 
1529 58 0 7 2 
1530 24 0 0 2 
1531 25 0 3 2 
1532 27 0 0 3 
1533 27 0 2 3 
1534 23 0 7 2 
1536 31 0 3 3 
1537 21 0 4 3 
1538 28 0 7 2 
1539 54 0 3 2 
1540 29 0 3 2 
1541 26 0 0 3 
1542 23 0 0 2 
1543 33 0 1 3 
1546 40 0 1 2 
1547 27 0 3 2 
1549 42 0 3 3 
1551 30 0 2 3 
1552 42 0 1 2 
1553 35 0 5 2 
1554 32 0 0 3 
1555 32 0 2 2 
1556 31 0 4 3 
1557 23 0 1 2 
1558 41 0 3 2 
1560 28 0 2 2 
1561 41 0 1 2 
1563 25 0 3 2 
1564 40 0 3 3 
1565 45 0 2 1 
1566 29 0 1 3 
1567 46 0 1 1 
1568 30 0 3 2 
1569 30 0 3 3 
1570 31 0 1 2 
1571 25 0 0 2 
1572 31 0 3 2 
1573 26 0 5 3 
1574 30 0 2 1 
1575 38 0 3 2 
1576 23 0 2 2 
1577 30 0 0 2 
1579 21 0 0 2 
1580 20 1 4 2 
1581 48 0 0 2 
1582 39 0 2 3 
1583 29 1 3 3 
1585 23 0 1 2 
1586 27 0 4 3 
1587 23 0 2 2 
1588 30 0 1 2 
1589 24 1 3 2 
1590 37 1 4 3 
1591 31 0 5 2 
1592 25 0 4 3 
1593 30 0 2 3 
1594 44 1 7 3 
1595 30 0 5 3 
1596 36 0 5 3 
1597 30 0 1 3 
1598 36 0 0 2 
1599 29 1 3 2 
1600 20 1 0 2 
1601 47 1 0 2 
1602 29 1 0 1 
1603 22 1 0 2 
1604 29 0 3 2 
1605 35 0 0 3 
1606 29 0 0 2 
1607 47 0 3 2 
1608 44 1 0 3 
1610 49 0 3 2 
1611 26 0 1 2 
1612 30 0 2 2 
1613 31 0 2 3 
1614 29 1 4 3 
1615 32 0 3 2 
1616 32 0 0 3 
1619 41 0 5 3 
1620 47 1 1 3 
1621 28 0 3 2 
1622 30 0 2 2 
1623 43 0 0 3 
1624 49 0 1 3 
1625 23 0 2 2 
1626 39 1 0 2 
1629 34 0 0 2 
1630 34 0 0 2 
1632 30 1 1 2 
1633 29 0 4 3 
1634 21 0 2 1 
1635 27 1 3 2 
1638 36 0 1 2 
1639 43 0 0 1 
1640 26 1 0 2 
1641 29 1 4 2 
1643 37 0 7 2 
1646 25 1 0 2 
1647 29 0 4 2 
1648 30 0 4 3 
1649 41 0 2 2 
1650 27 0 0 3 
1651 23 0 1 2 
1652 32 0 7 2 
1653 24 1 1 2 
1654 33 0 1 3 
1655 22 0 5 2 
1656 33 1 0 2 
1657 45 1 2 2 
1660 33 1 1 1 
1661 36 0 0 2 
1662 33 0 1 2 
1664 36 0 4 3 
1666 31 0 2 3 
1667 22 0 3 2 
1669 38 1 7 2 
1670 22 1 2 2 
1671 22 1 2 2 
1673 33 0 4 3 
1674 46 1 0 1 
1676 28 0 3 2 
1677 21 0 1 2 
1678 26 0 2 2 
1679 21 0 3 2 
1680 42 1 5 3 
1682 25 0 3 2 
1683 40 0 2 3 
1684 26 1 4 1 
1686 22 0 0 2 
1687 30 0 3 2 
1688 27 0 3 2 
1689 47 0 2 3 
1690 37 0 5 2 
1691 23 0 0 3 
1692 55 0 7 3 
1694 40 0 0 3 
1695 28 1 4 2 
1696 38 1 1 1 
1697 52 1 1 2 
1699 28 0 0 1 
1700 26 0 3 3 
1701 56 1 3 2 
1703 34 0 4 3 
