each line in this file contains three numbers: conversation id, person A's id, person B's id
2001 1020 1044
2005 1169 1133
2006 1061 1035
2007 1151 1052
2008 1176 1057
2009 1055 1126
2010 1039 1027
2012 1110 1119
2013 1071 1146
2014 1153 1053
2015 1122 1112
2017 1148 1147
2018 1000 1044
2019 1052 1142
2020 1176 1169
2022 1138 1107
2023 1033 1135
2024 1016 1061
2025 1061 1064
2027 1096 1035
2028 1086 1101
2032 1167 1093
2035 1176 1107
2036 1013 1063
2038 1073 1039
2039 1152 1101
2040 1130 1119
2041 1110 1179
2044 1219 1005
2045 1033 1055
2050 1148 1102
2051 1000 1051
2053 1013 1135
2054 1007 1107
2055 1176 1139
2056 1033 1011
2057 1179 1060
2060 1152 1056
2061 1167 1021
2062 1085 1096
2064 1148 1133
2065 1140 1064
2067 1123 1107
2071 1013 1016
2072 1061 1042
2073 1047 1174
2078 1071 1027
2079 1000 1061
2080 1010 1051
2082 1055 1060
2083 1018 1063
2085 1071 1051
2086 1124 1156
2087 1023 1119
2089 1025 1147
2090 1074 1094
2091 1145 1035
2092 1167 1069
2093 1069 1008
2094 1072 1056
2095 1169 1221
2096 1139 1112
2101 1148 1016
2102 1138 1056
2104 1031 1013
2105 1000 1133
2107 1053 1135
2108 1181 1151
2109 1076 1123
2110 1071 1174
2111 1055 1106
2113 1152 1026
2114 1025 1050
2116 1139 1128
2118 1180 1016
2120 1123 1169
2121 1121 1087
2122 1167 1112
2123 1145 1044
2124 1083 1026
2125 1005 1142
2129 1013 1147
2130 1170 1073
2131 1128 1126
2136 1175 1120
2137 1039 1089
2139 1018 1101
2141 1139 1098
2145 1152 1119
2149 1028 1106
2150 1175 1075
2151 1010 1126
2152 1128 1042
2153 1153 1139
2154 1002 1085
2155 1120 1138
2157 1018 1024
2158 1167 1127
2160 1167 1123
2161 1157 1002
2162 1132 1151
2163 1000 1129
2164 1023 1042
2165 1128 1035
2166 1141 1011
2167 1152 1033
2168 1071 1039
2169 1083 1124
2171 1055 1024
2172 1022 1139
2173 1018 1068
2174 1028 1122
2175 1120 1179
2176 1019 1176
2177 1013 1057
2178 1000 1035
2179 1128 1010
2180 1123 1117
2181 1110 1174
2182 1181 1027
2184 1152 1091
2185 1071 1142
2186 1139 1214
2187 1214 1093
2189 1078 1033
2190 1104 1039
2191 1148 1086
2193 1159 1106
2194 1019 1220
2195 1180 1157
2196 1181 1022
2197 1110 1073
2198 1145 1124
2199 1124 1138
2201 1060 1059
2202 1141 1042
2203 1151 1107
2204 1041 1101
2205 1148 1039
2206 1139 1156
2220 1071 1179
2221 1013 1108
2222 1145 1123
2223 1010 1045
2224 1010 1115
2226 1152 1106
2227 1167 1401
2228 1120 1119
2229 1139 1075
2230 1181 1084
2231 1000 1138
2232 1083 1039
2233 1028 1128
2234 1148 1094
2235 1083 1052
2236 1041 1016
2237 1043 1108
2238 1180 1096
2239 1176 1075
2240 1121 1147
2241 1169 1142
2242 1010 1095
2243 1151 1130
2244 1130 1107
2245 1141 1126
2246 1013 1110
2247 1170 1085
2248 1000 1112
2249 1132 1135
2250 1145 1133
2251 1181 1104
2252 1078 1140
2253 1140 1149
2254 1124 1007
2255 1139 1175
2256 1152 1063
2257 1115 1159
2258 1140 1102
2259 1055 1101
2260 1047 1005
2261 1180 1122
2262 1148 1043
2263 1043 1059
2264 1096 1094
2265 1061 1052
2266 1061 1098
2267 1120 1126
2268 1031 1112
2269 1181 1087
2270 1147 1061
2271 1170 1154
2272 1016 1007
2273 1019 1023
2274 1007 1075
2275 1115 1026
2276 1105 1063
2277 1033 1175
2278 1090 1028
2279 1000 1167
2280 1175 1116
2281 1260 1159
2282 1139 1149
2283 1214 1073
2284 1083 1153
2285 1214 1068
2286 1024 1178
2287 1022 1135
2288 1093 1219
2290 1053 1101
2291 1180 1084
2292 1176 1148
2293 1120 1142
2294 1121 1122
2295 1000 1016
2296 1130 1056
2297 1019 1052
2298 1170 1023
2299 1108 1107
2300 1083 1061
2301 1013 1133
2302 1047 1085
2303 1031 1028
2304 1105 1167
2305 1169 1141
2306 1060 1123
2307 1115 1020
2308 1214 1117
2309 1022 1078
2310 1127 1101
2311 1214 1007
2312 1145 1075
2313 1039 1024
2314 1055 1086
2315 1214 1146
2316 1214 1059
2317 1091 1175
2318 1214 1178
2319 1102 1139
2320 1159 1033
2323 1130 1167
2324 1083 1138
2325 1005 1064
2326 1159 1059
2327 1147 1117
2328 1180 1026
2329 1121 1126
2330 1170 1016
2331 1108 1142
2332 1019 1092
2333 1169 1151
2334 1141 1071
2335 1175 1063
2336 1115 1101
2337 1127 1073
2338 1033 1219
2339 1071 1022
2340 1104 1106
2341 1181 1002
2342 1168 1028
2343 1139 1178
2344 1028 1055
2345 1060 1039
2346 1041 1008
2347 1180 1020
2348 1121 1016
2349 1133 1027
2350 1176 1126
2352 1031 1151
2353 1124 1148
2354 1083 1117
2355 1074 1064
2356 1033 1107
2358 1013 1075
2359 1019 1123
2360 1128 1233
2361 1181 1042
2362 1141 1026
2363 1060 1023
2365 1039 1086
2366 1069 1119
2367 1115 1063
2368 1069 1260
2369 1069 1127
2370 1138 1084
2371 1146 1106
2372 1055 1135
2373 1120 1209
2374 1102 1024
2375 1130 1157
2376 1133 1064
2377 1041 1096
2378 1121 1102
2379 1110 1117
2380 1132 1035
2381 1151 1098
2382 1170 1149
2383 1176 1061
2384 1181 1233
2386 1071 1104
2387 1022 1072
2388 1115 1023
2389 1120 1042
2390 1214 1126
2392 1033 1039
2393 1148 1068
2394 1145 1024
2395 1055 1162
2396 1138 1178
2397 1093 1014
2398 1139 1219
2399 1047 1101
2401 1103 1175
2402 1180 1090
2403 1031 1208
2404 1148 1075
2405 1176 1096
2406 1103 1092
2407 1149 1016
2408 1133 1151
2409 1106 1147
2410 1083 1126
2411 1033 1063
2413 1022 1039
2415 1060 1209
2416 1141 1128
2417 1167 1102
2418 1104 1204
2419 1127 1159
2420 1055 1175
2421 1115 1072
2422 1091 1041
2423 1214 1140
2424 1016 1052
2426 1148 1140
2427 1133 1092
2428 1031 1212
2429 1226 1176
2430 1078 1010
2431 1225 1039
2432 1120 1071
2433 1260 1129
2434 1033 1019
2435 1115 1106
2436 1142 1231
2437 1104 1022
2438 1181 1219
2439 1018 1170
2440 1060 1086
2441 1151 1146
2442 1232 1026
2443 1127 1138
2444 1102 1014
2445 1214 1230
2446 1130 1140
2447 1180 1138
2448 1052 1133
2450 1083 1239
2451 1103 1114
2452 1005 1092
2453 1055 1075
2454 1031 1126
2455 1016 1176
2456 1060 1151
2457 1148 1064
2458 1181 1050
2459 1212 1123
2460 1115 1039
2461 1146 1102
2463 1233 1219
2464 1260 1020
2465 1090 1107
2466 1232 1204
2467 1209 1117
2468 1127 1179
2469 1018 1026
2470 1181 1119
2471 1148 1239
2472 1233 1002
2473 1127 1225
2474 1060 1224
2476 1018 1110
2477 1115 1092
2478 1104 1209
2479 1231 1096
2480 1107 1126
2481 1071 1151
2482 1209 1004
2483 1104 1119
2484 1060 1014
2485 1225 1231
2486 1018 1123
2487 1139 1204
2488 1233 1096
2489 1102 1023
2490 1106 1138
2491 1180 1010
2492 1083 1122
2493 1208 1092
2494 1133 1032
2495 1229 1148
2496 1121 1035
2497 1104 1151
2498 1103 1087
2499 1141 1064
2500 1181 1126
2501 1061 1072
2502 1179 1174
2503 1019 1050
2504 1225 1123
2505 1060 1153
2506 1071 1209
2507 1226 1127
2508 1047 1041
2509 1102 1075
2510 1106 1230
2511 1148 1117
2513 1103 1146
2514 1083 1214
2515 1176 1035
2517 1235 1151
2518 1016 1032
2519 1096 1112
2520 1141 1087
2521 1225 1073
2522 1060 1084
2523 1039 1175
2524 1120 1107
2525 1018 1042
2526 1093 1024
2527 1232 1056
2528 1028 1155
2529 1005 1121
2530 1043 1075
2531 1208 1122
2532 1180 1027
2533 1083 1235
2534 1141 1130
2535 1096 1126
2536 1151 1092
2537 1016 1142
2538 1181 1147
2539 1226 1123
2540 1078 1230
2543 1018 1148
2545 1214 1072
2546 1069 1025
2547 1093 1101
2548 1055 1053
2549 1168 1211
2550 1232 1153
2551 1180 1117
2552 1148 1092
2553 1151 1056
2554 1141 1142
2556 1041 1112
2557 1043 1016
2558 1132 1026
2559 1103 1013
2560 1032 1034
2561 1235 1126
2562 1225 1120
2563 1181 1023
2564 1071 1102
2565 1211 1170
2566 1106 1027
2567 1145 1159
2568 1168 1093
2569 1127 1035
2570 1156 1005
2571 1083 1014
2572 1178 1122
2573 1083 1147
2574 1151 1027
2575 1141 1117
2576 1103 1120
2577 1180 1208
2578 1148 1179
2579 1052 1123
2580 1128 1104
2582 1019 1063
2583 1181 1226
2584 1106 1204
2585 1110 1071
2586 1209 1138
2587 1232 1135
2588 1211 1219
2589 1093 1122
2591 1181 1212
2592 1127 1020
2593 1179 1038
2594 1124 1093
2595 1145 1092
2596 1139 1057
2597 1055 1214
2598 1211 1042
2599 1069 1090
2600 1209 1151
2602 1232 1122
2603 1093 1155
2604 1211 1014
2605 1116 1167
2606 1127 1063
2608 1225 1042
2609 1110 1233
2610 1209 1039
2611 1156 1226
2612 1151 1162
2613 1141 1041
2614 1104 1056
2615 1069 1140
2616 1133 1167
2617 1005 1027
2618 1178 1052
2619 1110 1170
2620 1252 1052
2621 1133 1120
2622 1103 1028
2623 1043 1117
2624 1031 1180
2625 1181 1073
2626 1209 1245
2627 1231 1174
2628 1225 1011
2629 1104 1248
2630 1260 1105
2631 1251 1124
2632 1007 1154
2633 1139 1035
2634 1110 1122
2635 1121 1157
2636 1232 1249
2637 1180 1094
2638 1133 1117
2640 1096 1239
2641 1211 1235
2642 1225 1035
2643 1104 1212
2644 1145 1245
2645 1209 1078
2646 1181 1020
2647 1074 1014
2648 1179 1135
2649 1146 1059
2650 1093 1251
2651 1121 1244
2652 1107 1112
2653 1095 1052
2654 1133 1147
2656 1237 1230
2657 1031 1094
2658 1252 1235
2659 1074 1128
2661 1233 1209
2662 1069 1028
2663 1104 1084
2664 1117 1050
2665 1248 1164
2666 1116 1135
2667 1018 1251
2668 1127 1238
2669 1140 1059
2670 1178 1053
2671 1211 1153
2672 1232 1155
2673 1121 1249
2674 1180 1059
2675 1043 1052
2676 1031 1092
2678 1124 1034
2679 1104 1112
2680 1128 1251
2681 1245 1174
2682 1120 1007
2684 1074 1204
2685 1117 1127
2686 1146 1078
2687 1139 1005
2688 1178 1155
2689 1120 1064
2690 1031 1117
2691 1233 1239
2692 1104 1142
2693 1043 1179
2694 1157 1023
2695 1128 1154
2696 1248 1245
2697 1237 1007
2698 1238 1050
2699 1074 1147
2700 1145 1059
2701 1024 1020
2702 1116 1219
2703 1211 1251
2704 1102 1025
2705 1231 1032
2706 1127 1041
2707 1104 1057
2708 1024 1155
2709 1130 1251
2710 1156 1002
2711 1209 1238
2712 1116 1248
2713 1104 1224
2714 1245 1132
2715 1074 1219
2716 1231 1028
2717 1117 1084
2718 1237 1155
2719 1031 1142
2720 1121 1120
2721 1032 1124
2722 1244 1249
2723 1104 1052
2724 1237 1087
2725 1248 1028
2726 1074 1011
2727 1130 1007
2728 1245 1251
2729 1073 1091
2730 1090 1050
2731 1139 1056
2732 1116 1212
2733 1178 1127
2734 1031 1052
2735 1121 1043
2736 1117 1230
2737 1237 1112
2738 1041 1135
2739 1252 1087
2740 1007 1401
2741 1253 1251
2742 1120 1147
2743 1244 1233
2744 1074 1140
2746 1238 1219
2747 1121 1140
2748 1130 1020
2749 1110 1045
2750 1237 1252
2751 1238 1061
2752 1032 1212
2753 1245 1249
2754 1120 1174
2755 1209 1026
2756 1211 1233
2757 1074 1159
2758 1178 1086
2759 1232 1053
2760 1251 1255
2761 1244 1238
2762 1007 1010
2763 1237 1248
2764 1128 1073
2765 1245 1147
2766 1209 1251
2767 1130 1233
2768 1074 1098
2769 1139 1086
2770 1253 1059
2771 1117 1212
2772 1232 1068
2773 1130 1239
2774 1252 1253
2775 1254 1122
2776 1117 1238
2777 1237 1229
2778 1110 1147
2779 1132 1087
2780 1124 1052
2781 1104 1075
2782 1244 1064
2783 1245 1028
2784 1257 1170
2785 1244 1072
2786 1255 1249
2787 1237 1213
2788 1074 1108
2789 1090 1045
2790 1232 1230
2791 1104 1219
2792 1238 1042
2793 1209 1156
2794 1209 1028
2795 1245 1122
2796 1116 1086
2797 1117 1108
2798 1248 1231
2799 1238 1075
2800 1069 1004
2801 1255 1002
2802 1251 1063
2803 1074 1042
2804 1232 1237
2805 1253 1147
2806 1252 1229
2807 1255 1236
2808 1244 1120
2809 1095 1087
2810 1086 1249
2811 1254 1212
2812 1074 1260
2813 1121 1056
2814 1255 1229
2815 1236 1249
2816 1252 1208
2817 1237 1064
2818 1254 1085
2819 1171 1059
2820 1074 1028
2821 1253 1260
2822 1236 1147
2823 1255 1253
2824 1181 1059
2825 1121 1149
2826 1252 1105
2827 1057 1028
2828 1132 1078
2829 1074 1050
2830 1260 1238
2831 1139 1212
2832 1236 1224
2833 1130 1147
2834 1043 1229
2835 1132 1238
2836 1255 1087
2837 1244 1254
2838 1181 1208
2839 1252 1104
2840 1105 1073
2841 1237 1212
2842 1074 1258
2843 1244 1020
2844 1236 1112
2845 1181 1252
2846 1041 1147
2847 1132 1064
2848 1248 1258
2849 1260 1014
2850 1139 1025
2851 1244 1171
2852 1248 1249
2853 1236 1007
2854 1260 1130
2855 1255 1064
2856 1237 1085
2858 1238 1230
2859 1260 1213
2860 1105 1132
2861 1248 1041
2862 1168 1258
2863 1254 1032
2864 1121 1238
2865 1244 1147
2866 1124 1008
2867 1104 1249
2868 1252 1230
2869 1139 1260
2870 1236 1231
2871 1074 1024
2872 1032 1249
2873 1237 1253
2874 1258 1028
2875 1104 1254
2876 1252 1057
2877 1244 1259
2878 1245 1072
2879 1260 1073
2882 1121 1236
2883 1252 1238
2884 1124 1028
2885 1007 1072
2886 1244 1154
2887 1260 1086
2888 1074 1059
2889 1258 1238
2890 1244 1253
2891 1132 1249
2892 1248 1174
2893 1059 1236
2894 1255 1260
2895 1244 1208
2896 1132 1230
2897 1258 1130
2898 1104 1238
2899 1237 1059
2900 1257 1064
2901 1255 1204
2909 1258 1104
2910 1257 1132
2911 1236 1248
2912 1237 1124
2913 1236 1002
2914 1255 1155
2915 1260 1258
2916 1132 1248
2917 1130 1230
2918 1132 1147
2919 1105 1147
2920 1124 1121
2921 1260 1043
2922 1255 1028
2923 1059 1007
2924 1028 1236
2925 1255 1231
2926 1257 1124
2927 1260 1078
2928 1237 1056
2929 1043 1263
2930 1236 1264
2931 1032 1098
2932 1155 1085
2933 1022 1249
2934 1258 1259
2935 1130 1064
2936 1257 1147
2937 1121 1264
2938 1236 1259
2939 1229 1147
2940 1255 1263
2941 1124 1175
2942 1028 1085
2943 1007 1249
2944 1257 1260
2945 1100 1171
2950 1043 1266
2951 1032 1263
2952 1022 1098
2953 1236 1229
2954 1258 1235
2955 1260 1174
2956 1257 1231
2957 1130 1013
2958 1121 1263
2959 1258 1264
2960 1236 1253
2961 1028 1032
2962 1257 1174
2963 1236 1239
2964 1258 1147
2965 1156 1024
2966 1139 1155
2967 1258 1072
2968 1236 1104
2969 1236 1149
2970 1260 1015
2973 1105 1050
2978 1264 1208
2979 1181 1236
2980 1041 1263
2981 1022 1085
2982 1043 1235
2983 1022 1264
2984 1263 1188
2985 1121 1266
2986 1258 1157
2987 1139 1011
2988 1263 1175
2989 1279 1174
2990 1147 1098
2991 1258 1013
2992 1112 1094
2993 1105 1258
2994 1022 1013
2995 1258 1155
2996 1156 1035
2997 1041 1264
2998 1105 1257
2999 1022 1235
3000 1229 1174
3001 1120 1035
3002 1279 1005
3003 1278 1005
3004 1043 1253
3005 1121 1188
3006 1181 1264
3007 1022 1149
3008 1279 1032
3009 1120 1204
3010 1268 1266
3011 1156 1174
3012 1229 1280
3013 1022 1253
3014 1263 1264
3015 1279 1278
3016 1105 1120
3017 1268 1011
3018 1022 1278
3019 1229 1264
3020 1235 1281
3021 1279 1108
3022 1007 1002
3023 1257 1090
3024 1120 1070
3025 1266 1258
3026 1268 1282
3027 1181 1278
3028 1263 1013
3029 1279 1264
3030 1229 1072
3031 1268 1281
3032 1121 1239
3033 1229 1282
3034 1263 1073
3035 1147 1070
3036 1229 1085
3037 1263 1147
3038 1266 1001
3039 1263 1281
3040 1279 1188
3041 1229 1284
3042 1120 1011
3043 1268 1291
3044 1070 1258
3045 1292 1280
3046 1043 1098
3047 1171 1278
3048 1181 1175
3049 1264 1094
3050 1028 1291
3051 1229 1149
3052 1285 1204
3053 1284 1268
3054 1292 1258
3055 1292 1263
3056 1229 1278
3057 1043 1264
3058 1284 1070
3059 1120 1288
3060 1268 1204
3061 1043 1292
3062 1285 1281
3063 1263 1280
3064 1264 1005
3065 1028 1284
3066 1268 1157
3067 1285 1278
3068 1124 1270
3069 1292 1291
3070 1284 1264
3071 1292 1013
3072 1284 1263
3073 1285 1293
3074 1292 1285
3075 1266 1298
3076 1124 1264
3077 1292 1120
3078 1268 1014
3079 1070 1280
3080 1284 1095
3081 1290 1280
3082 1279 1327
3083 1278 1270
3084 1263 1300
3085 1291 1264
3086 1235 1054
3087 1120 1283
3088 1285 1002
3089 1268 1332
3090 1292 1239
3091 1282 1279
3092 1263 1320
3093 1290 1278
3094 1070 1288
3095 1263 1279
3096 1292 1004
3097 1281 1264
3098 1282 1035
3099 1235 1285
3100 1300 1288
3101 1268 1321
3102 1120 1171
3103 1263 1328
3104 1043 1149
3105 1285 1013
3106 1300 1320
3107 1028 1188
3108 1279 1286
3109 1285 1023
3110 1268 1303
3111 1288 1124
3112 1316 1304
3113 1288 1320
3114 1299 1310
3115 1285 1305
3116 1307 1070
3117 1292 1312
3118 1120 1334
3119 1268 1314
3120 1316 1204
3121 1043 1318
3122 1312 1303
3123 1013 1304
3124 1290 1035
3125 1299 1304
3126 1304 1313
3127 1285 1321
3128 1307 1302
3129 1304 1308
3130 1281 1320
3131 1327 1035
3132 1304 1280
3133 1316 1129
3134 1303 1315
3135 1327 1286
3136 1253 1320
3137 1304 1281
3138 1303 1320
3140 1280 1270
3141 1327 1317
3142 1290 1266
3143 1022 1334
3144 1316 1313
3146 1316 1281
3147 1288 1308
3148 1316 1315
3149 1317 1313
3150 1334 1171
3151 1043 1090
3152 1290 1320
3153 1334 1208
3154 1290 1288
3155 1351 1361
3156 1181 1305
3157 1365 1302
3158 1253 1327
3159 1357 1351
3160 1253 1374
3161 1181 1410
3162 1352 1188
3163 1259 1317
3164 1365 1362
3165 1374 1280
3166 1259 1253
3167 1357 1415
3168 1379 1361
3169 1181 1366
3170 1352 1412
3171 1357 1327
3172 1181 1316
3173 1412 1366
3174 1351 1305
3175 1253 1130
3176 1365 1259
3177 1181 1302
3179 1365 1388
3180 1181 1359
3181 1324 1253
3182 1357 1381
3183 1379 1312
3184 1352 1361
3185 1399 1253
3186 1379 1318
3187 1324 1376
3188 1259 1334
3189 1253 1281
3190 1324 1361
3191 1381 1124
3192 1357 1312
3193 1352 1300
3194 1253 1262
3195 1357 1410
3196 1361 1366
3197 1376 1374
3198 1352 1280
3200 1399 1305
3201 1259 1011
3202 1324 1318
3203 1324 1415
3204 1253 1239
3205 1357 1361
3206 1381 1366
3207 1334 1389
3208 1352 1351
3214 1399 1352
3215 1412 1324
3216 1253 1188
3218 1365 1410
3219 1399 1368
3220 1318 1299
3221 1402 1353
3222 1098 1386
3223 1171 1377
3224 1324 1374
3225 1414 1417
3226 1415 1362
3227 1355 1280
3228 1399 1005
3229 1412 1353
3230 1352 1004
3231 1171 1415
3232 1098 1259
3233 1253 1266
3234 1409 1366
3235 1377 1362
3236 1412 1410
3237 1098 1004
3238 1361 1094
3239 1316 1324
3240 1377 1302
3241 1175 1360
3242 1413 1362
3244 1352 1327
3245 1098 1280
3246 1324 1410
3247 1407 1415
3249 1098 1411
3250 1415 1307
3251 1327 1379
3252 1406 1334
3253 1130 1002
3254 1324 1305
3255 1352 1414
3256 1361 1377
3257 1415 1035
3258 1404 1386
3259 1399 1351
3260 1324 1188
3261 1352 1374
3262 1412 1312
3263 1389 1386
3264 1404 1418
3265 1361 1409
3266 1414 1373
3267 1130 1381
3268 1351 1377
3269 1361 1393
3270 1352 1376
3271 1415 1361
3272 1352 1343
3273 1404 1365
3274 1379 1299
3275 1389 1108
3276 1352 1410
3277 1404 1305
3278 1404 1413
3279 1379 1410
3280 1415 1412
3281 1402 1351
3282 1124 1366
3283 1413 1409
3284 1188 1343
3285 1404 1023
3286 1362 1376
3287 1311 1318
3288 1388 1112
3289 1407 1312
3290 1043 1417
3291 1379 1402
3292 1412 1418
3293 1399 1415
3294 1353 1410
3295 1376 1365
3296 1414 1419
3297 1404 1409
3298 1394 1112
3299 1379 1374
3300 1421 1376
3301 1404 1073
3302 1362 1411
3303 1412 1422
3304 1377 1325
3305 1404 1359
3306 1413 1360
3307 1394 1157
3308 1311 1408
3309 1362 1343
3310 1415 1379
3311 1389 1419
3312 1404 1157
3313 1362 1410
3314 1404 1408
3315 1307 1373
3316 1404 1353
3317 1414 1315
3318 1413 1418
3319 1414 1409
3320 1413 1353
3322 1394 1408
3323 1405 1419
3324 1424 1377
3325 1399 1419
3326 1414 1112
3327 1413 1095
3328 1388 1409
3329 1394 1366
3330 1353 1239
3331 1351 1004
3332 1043 1425
3333 1400 1417
3334 1420 1343
3335 1406 1394
3336 1362 1304
3337 1188 1372
3338 1419 1343
3339 1413 1365
3340 1124 1315
3341 1351 1418
3342 1414 1422
3343 1412 1377
3344 1420 1422
3345 1413 1376
3346 1043 1112
3347 1400 1282
3348 1304 1408
3349 1420 1301
3350 1413 1411
3351 1370 1362
3352 1190 1402
3353 1420 1366
3354 1399 1343
3355 1419 1409
3356 1311 1413
3357 1426 1411
3358 1407 1418
3359 1073 1417
3360 1426 1360
3361 1402 1366
3362 1426 1303
3363 1414 1425
3364 1419 1421
3365 1073 1367
3366 1366 1300
3367 1426 1350
3368 1414 1371
3369 1420 1355
3370 1420 1175
3371 1366 1190
3372 1407 1035
3373 1414 1399
3374 1394 1365
3375 1426 1428
3376 1411 1406
3377 1426 1422
3378 1411 1073
3379 1420 1005
3380 1411 1317
3381 1426 1366
3382 1426 1424
3383 1420 1425
3384 1419 1005
3385 1381 1418
3386 1426 1085
3387 1353 1350
3388 1425 1405
3389 1428 1309
3390 1394 1307
3391 1419 1372
3392 1426 1418
3393 1407 1343
3394 1411 1423
3395 1420 1359
3396 1175 1419
3397 1389 1424
3398 1367 1422
3399 1426 1371
3400 1411 1400
3401 1175 1168
3402 1425 1318
3403 1420 1393
3404 1367 1317
3405 1402 1422
3406 1426 1343
3407 1411 1350
3408 1420 1389
3409 1426 1057
3410 1411 1421
3411 1420 1336
3412 1426 1382
3413 1411 1112
3414 1415 1095
3415 1175 1112
3416 1402 1386
3417 1407 1417
3418 1367 1023
3419 1415 1112
3420 1367 1417
3421 1353 1389
3422 1175 1371
3423 1394 1001
3424 1415 1344
3425 1367 1239
3426 1400 1437
3427 1406 1421
3428 1415 1406
3429 1446 1320
3430 1415 1386
3431 1425 1383
3432 1446 1300
3433 1415 1313
3434 1440 1367
3435 1429 1421
3436 1440 1353
3437 1444 1439
3438 1440 1239
3439 1436 1349
3440 1437 1302
3441 1407 1350
3442 1444 1317
3443 1400 1004
3444 1190 1394
3445 1381 1429
3446 1444 1417
3447 1095 1004
3448 1389 1446
3449 1400 1353
3450 1428 1409
3451 1415 1423
3452 1402 1444
3453 1436 1383
3454 1415 1325
3455 1423 1371
3456 1436 1444
3457 1423 1315
3458 1443 1409
3459 1359 1378
3460 1415 1383
3461 1394 1437
3462 1436 1374
3463 1367 1415
3464 1446 1438
3465 1440 1424
3466 1444 1441
3467 1400 1286
3468 1359 1437
3469 1449 1297
3470 1378 1385
3471 1444 1014
3472 1436 1317
3473 1378 1353
3474 1440 1388
3475 1359 1297
3476 1407 1388
3477 1400 1444
3478 1378 1317
3479 1359 1415
3480 1439 1371
3481 1440 1070
3482 1342 1349
3483 1312 1424
3484 1041 1415
3485 1444 1389
3486 1440 1437
3487 1407 1367
3488 1359 1409
3489 1425 1051
3490 1378 1441
3491 1464 1325
3492 1342 1443
3493 1349 1302
3494 1394 1385
3495 1345 1421
3496 1466 1415
3497 1389 1461
3498 1449 1371
3499 1359 1302
3500 1051 1437
3501 1444 1373
3502 1464 1462
3503 1428 1349
3504 1451 1436
3505 1439 1163
3506 1454 1405
3507 1342 1321
3508 1303 1307
3509 1389 1438
3510 1458 1393
3511 1444 1381
3512 1400 1317
3513 1451 1371
3514 1454 1376
3515 1461 1168
3516 1462 1359
3517 1349 1345
3518 1464 1425
3519 1415 1467
3520 1458 1382
3521 1353 1446
3522 1440 1418
3523 1455 1417
3524 1400 1001
3525 1436 1435
3526 1378 1325
3527 1349 1423
3528 1342 1467
3529 1359 1336
3530 1464 1409
3531 1415 1372
3532 1436 1382
3533 1402 1415
3534 1440 1455
3535 1400 1409
3536 1359 1417
3537 1378 1464
3538 1444 1321
3539 1349 1315
3540 1425 1467
3541 1378 1168
3542 1446 1444
3543 1464 1353
3544 1400 1297
3545 1359 1035
3546 1455 1342
3547 1436 1163
3548 1349 1467
3549 1051 1466
3550 1349 1438
3551 1400 1389
3552 1359 1315
3553 1444 1450
3554 1455 1446
3555 1378 1467
3556 1436 1001
3557 1464 1376
3558 1458 1461
3559 1051 1444
3560 1449 1424
3561 1407 1463
3562 1440 1374
3563 1436 1381
3565 1455 1383
3566 1472 1338
3567 1425 1446
3568 1454 1467
3569 1464 1421
3570 1415 1345
3571 1349 1321
3572 1458 1444
3573 1463 1402
3574 1446 1368
3575 1440 1386
3576 1051 1367
3577 1407 1470
3578 1436 1441
3579 1449 1073
3580 1451 1325
3581 1463 1444
3582 1458 1442
3583 1470 1408
3584 1051 1424
3585 1449 1466
3586 1349 1455
3587 1425 1469
3588 1436 1282
3589 1464 1302
3590 1467 1321
3591 1345 1446
3592 1458 1422
3593 1440 1466
3594 1470 1424
3595 1400 1393
3596 1425 1435
3597 1464 1005
3598 1359 1372
3599 1458 1374
3600 1470 1417
3601 1440 1299
3602 1349 1444
3603 1359 1435
3604 1449 1393
3605 1349 1450
3606 1349 1466
3607 1477 1468
3608 1458 1459
3609 1444 1303
3610 1473 1409
3611 1449 1336
3612 1458 1473
3614 1444 1459
3615 1455 1303
3616 1473 1441
3617 1458 1317
3618 1473 1469
3619 1444 1386
3620 1477 1441
3621 1449 1437
3622 1458 1470
3623 1449 1239
3624 1349 1402
3625 1444 1418
3626 1464 1477
3627 1408 1302
3628 1455 1371
3629 1473 1303
3630 1449 1372
3631 1477 1450
3632 1473 1437
3633 1455 1315
3634 1454 1302
3635 1473 1438
3636 1477 1129
3637 1444 1437
3638 1451 1409
3639 1477 1459
3640 1458 1468
3641 1444 1470
3642 1425 1376
3643 1473 1051
3644 1477 1473
3645 1458 1188
3646 1455 1459
3647 1425 1437
3648 1477 1418
3649 1473 1466
3650 1467 1035
3651 1425 1474
3652 1458 1457
3653 1444 1424
3654 1473 1470
3655 1455 1466
3656 1381 1482
3657 1425 1001
3658 1447 1383
3659 1349 1035
3660 1477 1262
3661 1458 1424
3662 1258 1446
3663 1480 1459
3664 1473 1417
3665 1423 1409
3666 1443 1437
3667 1464 1297
3668 1381 1465
3669 1444 1467
3670 1449 1438
3671 1473 1213
3672 1372 1315
3673 1444 1383
3674 1480 1302
3675 1464 1051
3676 1477 1409
3677 1450 1372
3678 1473 1297
3679 1444 1258
3680 1464 1001
3681 1378 1409
3682 1480 1408
3683 1470 1438
3684 1480 1475
3685 1051 1479
3686 1477 1258
3687 1486 1388
3688 1477 1478
3689 1482 1374
3690 1446 1484
3691 1436 1313
3692 1258 1438
3693 1148 1437
3694 1074 1466
3695 1486 1051
3696 1423 1474
3697 1381 1424
3698 1446 1482
3699 1466 1438
3700 1258 1300
3701 1297 1282
3702 1480 1465
3703 1423 1378
3704 1359 1148
3705 1486 1437
3706 1477 1467
3707 1451 1298
3708 1482 1468
3709 1258 1424
3710 1477 1484
3711 1446 1437
3712 1480 1297
3713 1282 1385
3714 1359 1051
3715 1423 1321
3716 1074 1315
3717 1486 1386
3718 1148 1475
3719 1258 1386
3720 1480 1367
3721 1359 1479
3722 1282 1487
3723 1074 1307
3724 1372 1438
3725 1477 1469
3726 1148 1041
3727 1378 1466
3728 1480 1443
3729 1282 1372
3730 1486 1487
3731 1439 1467
3732 1482 1258
3733 1477 1465
3734 1074 1371
3735 1481 1466
3736 1258 1408
3737 1148 1418
3738 1425 1390
3739 1488 1402
3740 1282 1443
3741 1486 1450
3742 1487 1168
3743 1480 1437
3744 1359 1221
3745 1423 1406
3746 1457 1417
3747 1258 1318
3748 1488 1472
3749 1486 1360
3750 1480 1051
3751 1074 1378
3752 1359 1467
3753 1477 1487
3754 1481 1443
3755 1477 1475
3756 1479 1488
3757 1480 1472
3758 1148 1385
3759 1436 1467
3760 1423 1095
3761 1372 1336
3762 1359 1041
3763 1381 1476
3764 1436 1446
3765 1490 1470
3766 1381 1488
3767 1402 1475
3768 1480 1417
3769 1481 1437
3770 1148 1001
3771 1359 1465
3772 1486 1344
3773 1436 1478
3774 1148 1004
3775 1481 1488
3776 1490 1461
3777 1477 1417
3778 1424 1465
3779 1360 1484
3780 1378 1041
3781 1480 1298
3782 1487 1437
3783 1074 1467
3784 1476 1051
3785 1486 1372
3786 1378 1213
3787 1436 1489
3788 1148 1263
3789 1487 1156
3790 1486 1438
3791 1477 1004
3792 1480 1488
3793 1481 1372
3794 1479 1213
3795 1477 1488
3796 1490 1476
3797 1436 1345
3798 1480 1485
3799 1156 1484
3800 1486 1472
3801 1378 1397
3802 1436 1459
3803 1130 1438
3804 1481 1491
3805 1490 1263
3806 1477 1462
3807 1476 1479
3808 1372 1023
3809 1436 1338
3810 1253 1307
3811 1477 1490
3812 1462 1475
3813 1461 1402
3814 1481 1441
3815 1130 1168
3816 1486 1485
3817 1372 1447
3818 1481 1475
3819 1490 1482
3820 1462 1488
3821 1476 1438
3822 1369 1441
3823 1341 1447
3824 1486 1494
3825 1461 1345
3826 1475 1490
3827 1462 1468
3828 1436 1422
3829 1478 1488
3830 1476 1493
3831 1465 1441
3832 1297 1479
3833 1481 1450
3834 1372 1494
3835 1489 1311
3836 1477 1041
3837 1472 1394
3838 1461 1447
3839 1402 1470
3840 1462 1490
3841 1436 1457
3842 1477 1386
3843 1486 1488
3844 1425 1450
3845 1436 1443
3846 1477 1213
3847 1481 1307
3848 1488 1041
3849 1462 1156
3850 1461 1360
3851 1479 1494
3852 1402 1436
3853 1372 1476
3854 1490 1450
3855 1481 1461
3856 1462 1300
3857 1488 1482
3858 1297 1469
3859 1490 1494
3860 1489 1041
3861 1341 1385
3862 1156 1397
3863 1402 1484
3864 1372 1478
3865 1479 1300
3866 1488 1441
3867 1462 1472
3868 1475 1293
3869 1372 1493
3870 1402 1490
3871 1479 1438
3872 1497 1476
3873 1475 1340
3874 1372 1402
3875 1476 1482
3876 1493 1469
3877 1475 1459
3878 1479 1484
3879 1441 1490
3880 1488 1489
3881 1472 1041
3882 1497 1498
3883 1461 1393
3884 1497 1402
3885 1372 1475
3886 1479 1463
3887 1493 1490
3888 1465 1385
3889 1489 1263
3890 1497 1438
3891 1479 1402
3892 1489 1450
3893 1282 1485
3894 1359 1490
3895 1497 1298
3896 1156 1472
3897 1488 1382
3898 1402 1478
3899 1481 1504
3900 1359 1429
3901 1489 1423
3902 1493 1502
3903 1425 1307
3904 1282 1001
3905 1499 1507
3906 1503 1041
3907 1463 1507
3908 1402 1390
3909 1495 1035
3910 1359 1485
3911 1481 1508
3912 1465 1472
3913 1489 1502
3914 1282 1307
3915 1394 1386
3916 1372 1442
3917 1498 1371
3918 1495 1504
3919 1359 1487
3920 1497 1041
3921 1481 1406
3922 1489 1336
3923 1499 1476
3924 1504 1386
3925 1493 1468
3926 1402 1501
3927 1372 1300
3928 1359 1282
3929 1465 1448
3930 1497 1481
3931 1495 1405
3932 1507 1476
3933 1372 1005
3934 1495 1283
3935 1359 1498
3936 1497 1213
3937 1497 1282
3938 1359 1504
3939 1450 1504
3940 1359 1507
3941 1497 1505
3942 1465 1487
3943 1470 1459
3944 1507 1509
3945 1493 1374
3946 1481 1390
3947 1499 1471
3948 1341 1504
3949 1497 1023
3950 1372 1376
3951 1512 1429
3952 1481 1371
3953 1472 1476
3954 1341 1307
3955 1497 1499
3956 1481 1468
3957 1513 1501
3958 1372 1504
3959 1465 1498
3960 1499 1163
3961 1513 1478
3962 1468 1457
3963 1481 1487
3964 1499 1504
3965 1481 1514
3966 1372 1498
3967 1489 1504
3968 1495 1484
3969 1489 1443
3970 1497 1360
3971 1481 1496
3972 1497 1507
3973 1341 1382
3974 1495 1371
3975 1499 1004
3976 1513 1263
3977 1495 1421
3978 1499 1447
3979 1402 1376
3980 1495 1498
3981 1499 1487
3982 1341 1502
3983 1514 1459
3984 1495 1507
3985 1402 1457
3986 1499 1486
3987 1514 1299
3988 1446 1509
3989 1499 1484
3990 1495 1325
3991 1487 1385
3992 1394 1504
3993 1516 1514
3994 1512 1312
3995 1499 1432
3996 1512 1108
3997 1484 1502
3998 1495 1168
3999 1341 1507
4000 1489 1457
4001 1495 1485
4002 1450 1405
4003 1514 1518
4004 1531 1527
4005 1504 1508
4006 1465 1474
4007 1307 1482
4008 1531 1468
4009 1297 1530
4010 1341 1487
4011 1524 1504
4012 1495 1221
4013 1514 1390
4014 1531 1521
4015 1495 1512
4016 1514 1504
4017 1525 1340
4018 1518 1368
4019 1514 1529
4020 1394 1498
4021 1499 1516
4022 1530 1531
4023 1531 1532
4024 1514 1482
4025 1518 1501
4026 1516 1422
4027 1499 1531
4028 1532 1442
4029 1341 1521
4030 1504 1188
4031 1518 1478
4032 1514 1532
4033 1501 1537
4034 1555 1528
4035 1531 1374
4036 1534 1505
4037 1446 1530
4038 1539 1546
4039 1297 1516
4040 1553 1549
4041 1504 1500
4042 1532 1484
4043 1518 1533
4044 1558 1528
4045 1531 1549
4046 1555 1523
4047 1539 1553
4048 1516 1471
4049 1541 1530
4050 1514 1421
4051 1307 1001
4052 1555 1390
4053 1518 1528
4054 1546 1513
4055 1514 1457
4056 1533 1539
4057 1532 1543
4058 1425 1525
4059 1515 1542
4060 1552 1500
4062 1549 1163
4063 1553 1502
4064 1531 1397
4065 1504 1496
4066 1513 1543
4067 1532 1528
4068 1555 1129
4069 1504 1502
4070 1525 1546
4071 1539 1371
4072 1522 1531
4073 1553 1521
4074 1516 1503
4075 1513 1556
4076 1555 1530
4077 1531 1469
4078 1446 1005
4079 1532 1539
4080 1533 1360
4081 1524 1554
4082 1534 1547
4083 1532 1556
4084 1518 1530
4085 1341 1549
4086 1533 1521
4087 1504 1371
4088 1539 1554
4089 1531 1528
4090 1514 1560
4091 1577 1374
4092 1531 1602
4093 1596 1555
4094 1470 1501
4095 1518 1580
4096 1569 1608
4097 1590 1513
4098 1575 1595
4099 1516 1291
4100 1573 1525
4101 1552 1592
4102 1556 1603
4103 1606 1564
4104 1524 1508
4105 1572 1554
4106 1549 1558
4107 1587 1591
4108 1599 1340
4109 1561 1541
4110 1513 1537
4111 1574 1557
4112 1580 1556
4113 1531 1536
4114 1533 1551
4115 1605 1601
4116 1561 1543
4117 1613 1576
4118 1596 1542
4119 1592 1593
4120 1199 1568
4121 1586 1541
4122 1555 1519
4123 1595 1530
4124 1575 1572
4125 1341 1525
4126 1599 1553
4127 1573 1602
4128 1603 1528
4129 1532 1344
4130 1531 1580
4131 1574 1564
4132 1513 1199
4133 1577 1551
4134 1593 1528
4135 1518 1549
4136 1555 1543
4137 1585 1532
4138 1537 1457
4139 1596 1023
4140 1561 1525
4141 1586 1568
4142 1556 1613
4143 1603 1558
4144 1582 1591
4145 1599 1494
4146 1590 1554
4147 1533 1552
4148 1573 1607
4149 1425 1600
4150 1516 1447
4151 1592 1572
4152 1524 1608
4153 1602 1503
4154 1531 1478
4155 1580 1536
4156 1555 1482
4157 1518 1543
4158 1537 1560
4159 1532 1459
4160 1566 1605
4161 1569 1528
4162 1603 1498
4163 1592 1512
4164 1575 1539
4165 1425 1552
4166 1600 1551
4167 1576 1472
4168 1599 1604
4169 1341 1568
4170 1553 1508
4171 1595 1582
4172 1533 1385
4173 1561 1590
4174 1531 1552
4175 1580 1537
4176 1596 1532
4177 1536 1557
4178 1513 1566
4179 1574 1583
4180 1555 1551
4181 1577 1530
4182 1571 1463
4183 1603 1593
4184 1585 1263
4185 1599 1600
4186 1595 1565
4187 1516 1546
4188 1572 1604
4189 1553 1581
4190 1561 1502
4191 1531 1572
4192 1603 1530
4193 1580 1577
4194 1593 1581
4195 1533 1602
4196 1539 1552
4197 1576 1540
4198 1524 1199
4199 1516 1604
4200 1532 1525
4201 1556 1553
4202 1341 1376
4203 1531 1554
4204 1575 1591
4205 1561 1557
4206 1537 1485
4207 1199 1607
4208 1533 1568
4209 1341 1581
4210 1595 1556
4211 1539 1521
4212 1552 1577
4213 1553 1565
4214 1536 1613
4215 1571 1291
4216 1610 1619
4217 1561 1556
4218 1615 1616
4219 1482 1602
4220 1528 1568
4221 1555 1635
4222 1606 1590
4223 1625 1551
4224 1592 1591
4225 1604 1547
4226 1541 1587
4227 1553 1469
4228 1595 1549
4229 1533 1393
4230 1341 1620
4231 1599 1608
4232 1567 1614
4233 1546 1345
4234 1537 1547
4235 1625 1619
4236 1555 1580
4237 1528 1638
4238 1623 1459
4239 1593 1613
4240 1551 1199
4241 1610 1635
4242 1539 1432
4243 1592 1568
4244 1616 1572
4245 1595 1552
4246 1533 1621
4247 1620 1582
4248 1600 1486
4249 1614 1629
4250 1534 1345
4251 1604 1591
4252 1537 1613
4253 1512 1528
4254 1606 1639
4255 1600 1556
4256 1533 1615
4257 1635 1498
4258 1555 1572
4259 1612 1551
4260 1516 1574
4261 1593 1472
4262 1603 1591
4263 1539 1623
4264 1190 1469
4265 1341 1575
4266 1592 1558
4267 1532 1629
4268 1590 1340
4269 1595 1596
4270 1610 1547
4271 1543 1421
4272 1546 1616
4273 1596 1613
4274 1528 1551
4275 1580 1623
4276 1574 1532
4277 1638 1588
4278 1534 1593
4279 1533 1549
4280 1616 1605
4281 1569 1591
4282 1604 1610
4283 1575 1555
4284 1614 1615
4285 1539 1498
4286 1263 1568
4287 1561 1546
4288 1603 1635
4289 1553 1448
4290 1574 1554
4291 1561 1629
4292 1600 1546
4293 1536 1615
4294 1543 1567
4295 1593 1549
4296 1534 1502
4297 1199 1635
4298 1263 1591
4299 1576 1610
4300 1577 1579
4301 1341 1390
4302 1606 1540
4303 1603 1525
4304 1524 1583
4305 1463 1619
4306 1551 1624
4307 1625 1567
4308 1600 1615
4309 1595 1345
4310 1561 1568
4311 1199 1608
4312 1585 1572
4313 1575 1554
4314 1533 1505
4315 1616 1604
4316 1592 1546
4317 1553 1639
4318 1606 1530
4319 1463 1540
4320 1610 1621
4321 1614 1612
4322 1549 1591
4323 1576 1602
4324 1654 1587
4325 1632 1519
4326 1605 1643
4327 1619 1639
4328 1543 1624
4329 1626 1287
4330 1635 1597
4331 1341 1494
4332 1593 1591
4333 1592 1547
4334 1551 1496
4335 1553 1613
4336 1625 1661
4337 1641 1563
4338 1616 1590
4339 1539 1558
4340 1536 1604
4341 1610 1614
4342 1524 1390
4343 1554 1568
4344 1599 1653
4345 1630 1572
4346 1602 1540
4347 1533 1567
4348 1577 1571
4349 1561 1611
4350 1593 1655
4351 1610 1605
4352 1534 1543
4353 1638 1291
4354 1592 1542
4355 1616 1661
4356 1569 1629
4357 1653 1546
4358 1643 1633
4359 1660 1641
4360 1599 1589
4362 1536 1625
4363 1533 1496
4364 1595 1572
4365 1553 1652
4366 1614 1552
4367 1554 1624
4368 1341 1654
4369 1549 1666
4370 1199 1570
4371 1596 1638
4372 1634 1611
4373 1593 1641
4374 1601 1632
4375 1528 1507
4376 1199 1626
4377 1577 1608
4378 1561 1580
4380 1534 1537
4381 1549 1543
4382 1569 1546
4383 1595 1639
4384 1653 1646
4387 1341 1615
4400 1528 1613
4421 1528 1556
4433 1341 1613
4440 1528 1610
4443 1533 1530
4445 1341 1649
4448 1553 1199
4467 1595 1528
4474 1680 1582
4483 1699 1533
4488 1652 1680
4493 1528 1612
4495 1341 1564
4497 1676 1508
4501 1528 1655
4502 1682 1676
4503 1680 1626
4512 1341 1678
4519 1199 1630
4522 1601 1533
4523 1638 1676
4526 1528 1621
4531 1680 1656
4540 1576 1486
4548 1190 1684
4555 1680 1623
4559 1676 1669
4565 1199 1360
4570 1680 1684
4572 1537 1199
4576 1676 1654
4588 1446 1566
4590 1680 1670
4594 1190 1646
4595 1437 1654
4603 1199 1540
4605 1481 1557
4606 1601 1676
4607 1528 1669
4608 1660 1533
4611 1196 1573
4612 1680 1199
4615 1352 1558
4616 1341 1683
4617 1197 1638
4618 1437 1651
4619 1194 1607
4622 1671 1528
4624 1577 1676
4626 1196 1390
4628 1191 1661
4629 1341 1650
4630 1352 1690
4633 1437 1639
4637 1680 1641
4638 1437 1571
4640 1577 1528
4641 1688 1676
4642 1199 1602
4643 1680 1654
4644 1352 1669
4646 1197 1670
4649 1190 1669
4650 1680 1541
4655 1352 1651
4659 1437 1621
4660 1481 1673
4661 1680 1573
4664 1282 1654
4666 1199 1533
4667 1528 1646
4669 1341 1565
4674 1680 1669
4675 1481 1695
4679 1190 1661
4680 1341 1629
4681 1352 1688
4682 1437 1647
4684 1528 1597
4687 1676 1700
4688 1195 1669
4691 1437 1643
4693 1528 1701
4695 1680 1694
4696 1341 1621
4697 1112 1594
4698 1199 1700
4702 1521 1676
4703 1352 1650
4707 1190 1390
4709 1481 1611
4710 1195 1299
4716 1352 1700
4717 1676 1582
4718 1690 1486
4720 1190 1657
4721 1437 1188
4723 1437 1611
4725 1165 1626
4726 1481 1678
4728 1190 1682
4733 1437 1657
4734 1676 1699
4735 1352 1661
4736 1165 1677
4745 1352 1501
4746 1437 1669
4749 1676 1673
4752 1481 1700
4756 1676 1468
4758 1481 1573
4759 1423 1674
4761 1352 1542
4765 1165 1703
4769 1481 1620
4770 1352 1457
4771 1676 1571
4774 1423 1669
4784 1190 1594
4785 1515 1005
4787 1437 1503
4788 1352 1620
4792 1688 1533
4796 1446 1687
4798 1486 1188
4799 1423 1503
4801 1522 1533
4802 1446 1457
4803 1683 1676
4804 1282 1571
4805 1423 1023
4809 1190 1623
4811 1680 1701
4812 1533 1691
4814 1352 1623
4815 1282 1701
4816 1446 1676
4818 1680 1671
4821 1423 1594
4822 1352 1611
4823 1676 1703
4825 1680 1690
4826 1533 1674
4829 1423 1563
4830 1042 1655
4831 1165 1697
4832 1576 1188
4833 1676 1664
4834 1446 1633
4835 1282 1542
4836 1683 1023
4837 1533 1563
4840 1423 1677
4843 1676 1619
4845 1680 1664
4846 1282 1649
4847 1533 1703
4856 1423 1621
4858 1190 1503
4859 1165 1607
4861 1622 1533
4863 1680 1501
4868 1165 1701
4869 1576 1023
4871 1676 1620
4874 1622 1676
4875 1652 1023
4876 1165 1447
4877 1191 1697
4879 1680 1382
4880 1188 1664
4883 1676 1678
4886 1190 1496
4890 1165 1696
4891 1680 1005
4895 1676 1701
4899 1676 1625
4901 1680 1397
4902 1190 1701
4903 1446 1468
4905 1423 1703
4908 1165 1689
4909 1190 1700
4911 1680 1699
4914 1676 1576
4917 1423 1687
4925 1680 1023
4926 1676 1563
4927 1423 1567
4928 1165 1587
4936 1190 1662
4940 1423 1662
