1000 2 1 0 1 
1001 4 0 1 3 
1002 1 1 4 2 
1003 3 0 2 2 
1004 2 1 3 2 
1005 2 1 1 2 
1007 1 1 7 2 
1008 4 1 6 1 
1010 5 0 7 1 
1011 1 1 0 2 
1013 2 1 0 2 
1014 3 1 6 1 
1015 1 1 7 2 
1016 3 1 4 2 
1018 2 1 0 3 
1019 4 0 7 3 
1020 2 1 2 2 
1021 2 0 3 3 
1022 2 1 0 2 
1023 4 0 4 2 
1024 1 0 2 2 
1025 2 0 0 2 
1026 2 1 4 2 
1027 2 1 2 2 
1028 1 0 5 3 
1031 4 1 0 3 
1032 3 1 4 2 
1033 1 1 0 1 
1034 2 0 3 3 
1035 2 1 2 2 
1037 3 0 1 3 
1038 1 1 8 2 
1039 3 0 4 3 
1041 4 0 6 3 
1042 4 1 7 1 
1043 4 1 2 1 
1044 2 1 0 1 
1045 1 1 1 2 
1047 1 0 0 2 
1050 3 0 4 3 
1051 2 0 0 2 
1052 5 0 5 2 
1053 1 1 0 2 
1054 3 0 0 3 
1055 1 1 0 2 
1056 3 0 1 3 
1057 1 1 2 2 
1059 1 0 0 2 
1060 4 1 1 1 
1061 2 0 0 2 
1063 1 0 2 3 
1064 3 1 3 4 
1065 3 0 1 3 
1068 2 1 0 3 
1069 3 0 0 2 
1070 2 0 0 2 
1071 3 1 0 3 
1072 4 1 0 2 
1073 1 0 3 3 
1074 1 1 5 2 
1075 2 1 6 2 
1076 2 0 0 3 
1078 1 0 6 4 
1083 2 1 4 2 
1084 2 0 1 3 
1085 3 0 0 3 
1086 1 1 4 2 
1087 2 0 3 3 
1089 4 1 0 2 
1090 1 0 2 2 
1091 4 1 0 1 
1092 2 0 1 2 
1093 2 1 2 2 
1094 2 1 0 2 
1095 2 0 6 3 
1096 1 1 0 2 
1098 2 1 0 2 
1100 2 1 2 3 
1101 4 0 0 3 
1102 1 0 0 2 
1103 3 0 0 2 
1104 4 0 5 3 
1105 3 1 5 3 
1106 1 1 0 2 
1107 2 1 1 2 
1108 3 0 3 2 
1110 2 0 1 3 
1112 2 1 4 3 
1114 2 1 4 2 
1115 2 0 0 2 
1116 2 0 0 3 
1117 3 0 2 2 
1118 3 0 1 3 
1119 3 0 6 3 
1120 1 1 2 2 
1121 4 0 7 2 
1122 1 0 0 4 
1123 2 1 0 3 
1124 2 0 2 3 
1126 1 1 0 2 
1127 4 0 7 3 
1128 4 0 0 2 
1129 4 1 6 2 
1130 4 1 3 3 
1132 4 1 0 3 
1133 4 0 0 2 
1135 1 1 0 2 
1138 2 1 0 2 
1139 2 0 3 2 
1140 4 0 0 2 
1141 2 0 6 3 
1142 1 0 3 2 
1145 1 0 6 2 
1146 2 0 0 3 
1147 4 0 0 3 
1148 2 1 0 3 
1149 2 1 2 2 
1151 2 0 4 3 
1152 3 1 0 2 
1153 2 1 1 3 
1154 1 0 4 2 
1155 4 1 1 2 
1156 3 1 4 2 
1157 3 1 6 2 
1159 3 0 2 3 
1162 1 0 3 2 
1163 5 1 1 2 
1164 4 0 1 3 
1165 4 0 3 2 
1166 1 0 6 2 
1167 1 0 3 3 
1168 3 0 2 2 
1169 2 0 2 2 
1170 3 0 1 3 
1171 2 0 0 2 
1174 2 0 6 2 
1175 2 1 1 4 
1176 2 1 6 2 
1178 2 1 0 2 
1179 2 1 0 2 
1180 4 1 2 2 
1181 2 0 0 2 
1188 3 0 2 3 
1189 2 0 3 3 
1190 4 0 5 3 
1191 4 0 5 0 
1192 2 0 3 0 
1193 4 0 5 0 
1194 1 0 3 0 
1195 3 0 3 0 
1196 4 0 5 0 
1197 3 0 1 0 
1198 3 0 5 0 
1199 4 0 4 3 
1200 3 0 9 0 
1201 2 0 4 2 
1202 3 0 9 0 
1203 2 0 2 0 
1204 3 1 3 3 
1208 4 1 1 1 
1209 2 0 0 2 
1211 1 0 0 2 
1212 3 0 4 3 
1213 5 0 0 3 
1214 2 1 7 2 
1218 1 0 3 2 
1219 2 0 4 2 
1220 1 0 6 2 
1221 4 0 5 3 
1224 2 1 0 2 
1225 3 1 4 1 
1226 1 1 4 2 
1229 3 1 3 3 
1230 2 1 6 2 
1231 2 1 6 3 
1232 2 0 0 3 
1233 5 1 7 3 
1235 2 1 5 3 
1236 1 1 0 2 
1237 1 0 2 2 
1238 1 1 2 2 
1239 4 0 0 3 
1244 4 1 4 2 
1245 4 0 4 2 
1248 4 1 1 2 
1249 2 1 1 2 
1251 3 1 3 2 
1252 4 1 1 2 
1253 2 1 1 2 
1254 2 1 0 2 
1255 2 0 0 3 
1257 4 0 5 3 
1258 2 0 0 2 
1259 1 1 0 2 
1260 2 1 2 2 
1262 1 0 4 2 
1263 4 1 3 2 
1264 3 1 0 2 
1266 3 1 5 3 
1268 2 1 0 2 
1270 1 0 6 3 
1278 2 0 4 0 
1279 4 0 0 2 
1280 2 1 5 3 
1281 2 1 7 3 
1282 3 1 3 2 
1283 3 0 6 3 
1284 1 0 0 2 
1285 4 1 6 2 
1286 2 1 6 1 
1287 2 0 0 2 
1288 3 0 2 3 
1290 3 1 3 3 
1291 3 1 5 3 
1292 4 1 2 3 
1293 2 1 3 3 
1297 1 1 6 2 
1298 4 1 3 1 
1299 4 0 0 2 
1300 4 1 0 2 
1301 1 1 1 3 
1302 3 1 2 3 
1303 3 1 2 3 
1304 3 0 0 3 
1305 4 1 2 2 
1307 2 1 1 3 
1308 4 0 3 3 
1309 1 0 4 2 
1310 4 1 2 1 
1311 4 1 4 3 
1312 3 0 4 3 
1313 2 1 0 2 
1314 3 1 1 3 
1315 3 1 0 3 
1316 3 1 3 3 
1317 3 1 1 2 
1318 2 0 4 3 
1320 2 1 6 1 
1321 2 0 0 2 
1324 2 1 0 3 
1325 2 0 1 2 
1327 3 1 0 2 
1328 3 1 2 3 
1332 4 1 2 1 
1334 1 1 7 3 
1336 5 1 0 2 
1338 4 1 5 2 
1340 4 1 0 3 
1341 3 1 1 3 
1342 4 1 0 0 
1343 4 0 0 3 
1344 4 1 0 3 
1345 3 0 0 3 
1349 1 1 7 3 
1350 4 0 7 2 
1351 2 1 0 2 
1352 2 1 3 2 
1353 3 0 6 3 
1355 1 0 0 3 
1357 4 1 3 2 
1359 3 0 4 2 
1360 1 0 1 2 
1361 1 1 1 2 
1362 4 1 5 3 
1365 1 1 6 2 
1366 3 1 1 2 
1367 2 1 5 2 
1368 4 0 3 3 
1369 1 1 3 2 
1370 1 0 3 2 
1371 1 1 3 2 
1372 2 1 1 2 
1373 1 1 0 2 
1374 2 0 5 3 
1376 1 0 2 2 
1377 4 1 3 2 
1378 4 0 3 2 
1379 4 0 3 2 
1381 5 1 0 2 
1382 4 1 0 2 
1383 3 0 2 2 
1385 2 1 0 3 
1386 2 1 6 3 
1388 1 0 2 3 
1389 1 1 0 2 
1390 4 0 1 3 
1393 4 1 0 2 
1394 5 1 0 2 
1397 5 1 0 3 
1399 3 1 0 2 
1400 4 1 6 2 
1401 0 1 0 1 
1402 5 0 4 3 
1403 2 0 0 2 
1404 1 1 2 2 
1405 2 1 2 2 
1406 2 0 2 3 
1407 3 0 5 3 
1408 2 1 0 2 
1409 4 1 0 2 
1410 2 1 0 2 
1411 3 0 5 2 
1412 2 1 1 2 
1413 4 0 0 2 
1414 4 1 0 2 
1415 4 1 0 1 
1417 2 1 0 2 
1418 1 0 0 1 
1419 3 1 2 2 
1420 1 0 2 2 
1421 2 0 4 2 
1422 2 0 4 2 
1423 2 1 1 2 
1424 2 0 0 2 
1425 2 0 1 2 
1426 3 0 3 2 
1428 1 0 4 2 
1429 1 0 7 2 
1432 2 1 0 2 
1435 3 0 3 2 
1436 4 0 0 2 
1437 4 1 3 2 
1438 2 0 2 3 
1439 3 0 0 1 
1440 3 1 2 2 
1441 1 0 3 2 
1442 4 1 3 2 
1443 3 1 3 2 
1444 2 1 1 1 
1446 1 0 0 2 
1447 3 1 0 3 
1448 3 0 0 3 
1449 1 0 0 2 
1450 5 1 0 3 
1451 1 0 0 2 
1454 1 1 0 2 
1455 2 1 1 2 
1457 2 0 0 2 
1458 3 0 5 3 
1459 3 0 0 2 
1461 2 1 1 2 
1462 2 0 1 3 
1463 2 0 4 2 
1464 2 0 1 2 
1465 4 1 5 3 
1466 2 1 1 2 
1467 2 0 1 3 
1468 3 0 2 3 
1469 2 1 4 2 
1470 3 0 0 2 
1471 3 0 2 3 
1472 3 0 4 2 
1473 5 1 1 2 
1474 3 0 3 3 
1475 2 1 1 1 
1476 2 0 1 2 
1477 2 0 2 2 
1478 3 0 4 3 
1479 3 1 4 2 
1480 2 1 1 3 
1481 4 1 2 1 
1482 1 1 1 2 
1484 1 1 0 0 
1485 2 0 4 2 
1486 1 0 1 2 
1487 1 0 2 2 
1488 3 0 4 2 
1489 2 1 0 2 
1490 3 0 2 3 
1491 3 1 0 1 
1493 3 1 2 2 
1494 4 0 2 3 
1495 1 1 0 2 
1496 1 0 0 2 
1497 5 0 1 2 
1498 4 1 2 2 
1499 2 0 1 2 
1500 2 1 3 3 
1501 2 1 1 1 
1502 2 1 0 3 
1503 2 0 1 2 
1504 3 1 0 2 
1505 2 0 3 2 
1507 4 1 2 2 
1508 1 1 1 3 
1509 1 1 7 1 
1512 1 1 0 1 
1513 4 1 4 2 
1514 2 1 1 2 
1515 4 0 2 2 
1516 1 0 1 2 
1518 2 1 0 2 
1519 1 1 0 1 
1521 2 1 3 3 
1522 1 1 0 2 
1523 1 0 3 3 
1524 1 0 1 2 
1525 2 0 1 2 
1527 3 0 2 2 
1528 4 0 1 3 
1529 4 0 7 2 
1530 1 0 0 2 
1531 1 0 3 2 
1532 1 0 0 3 
1533 1 0 2 3 
1534 1 0 7 2 
1536 2 0 3 3 
1537 1 0 4 3 
1538 1 0 7 2 
1539 4 0 3 2 
1540 1 0 3 2 
1541 1 0 0 3 
1542 1 0 0 2 
1543 2 0 1 3 
1546 3 0 1 2 
1547 1 0 3 2 
1549 3 0 3 3 
1551 2 0 2 3 
1552 3 0 1 2 
1553 2 0 5 2 
1554 2 0 0 3 
1555 2 0 2 2 
1556 2 0 4 3 
1557 1 0 1 2 
1558 3 0 3 2 
1560 1 0 2 2 
1561 3 0 1 2 
1563 1 0 3 2 
1564 3 0 3 3 
1565 3 0 2 1 
1566 1 0 1 3 
1567 3 0 1 1 
1568 2 0 3 2 
1569 2 0 3 3 
1570 2 0 1 2 
1571 1 0 0 2 
1572 2 0 3 2 
1573 1 0 5 3 
1574 2 0 2 1 
1575 2 0 3 2 
1576 1 0 2 2 
1577 2 0 0 2 
1579 1 0 0 2 
1580 1 1 4 2 
1581 3 0 0 2 
1582 2 0 2 3 
1583 1 1 3 3 
1585 1 0 1 2 
1586 1 0 4 3 
1587 1 0 2 2 
1588 2 0 1 2 
1589 1 1 3 2 
1590 2 1 4 3 
1591 2 0 5 2 
1592 1 0 4 3 
1593 2 0 2 3 
1594 3 1 7 3 
1595 2 0 5 3 
1596 2 0 5 3 
1597 2 0 1 3 
1598 2 0 0 2 
1599 1 1 3 2 
1600 1 1 0 2 
1601 3 1 0 2 
1602 1 1 0 1 
1603 1 1 0 2 
1604 1 0 3 2 
1605 2 0 0 3 
1606 1 0 0 2 
1607 3 0 3 2 
1608 3 1 0 3 
1610 3 0 3 2 
1611 1 0 1 2 
1612 2 0 2 2 
1613 2 0 2 3 
1614 1 1 4 3 
1615 2 0 3 2 
1616 2 0 0 3 
1619 3 0 5 3 
1620 3 1 1 3 
1621 1 0 3 2 
1622 2 0 2 2 
1623 3 0 0 3 
1624 3 0 1 3 
1625 1 0 2 2 
1626 2 1 0 2 
1629 2 0 0 2 
1630 2 0 0 2 
1632 2 1 1 2 
1633 1 0 4 3 
1634 1 0 2 1 
1635 1 1 3 2 
1638 2 0 1 2 
1639 3 0 0 1 
1640 1 1 0 2 
1641 1 1 4 2 
1643 2 0 7 2 
1646 1 1 0 2 
1647 1 0 4 2 
1648 2 0 4 3 
1649 3 0 2 2 
1650 1 0 0 3 
1651 1 0 1 2 
1652 2 0 7 2 
1653 1 1 1 2 
1654 2 0 1 3 
1655 1 0 5 2 
1656 2 1 0 2 
1657 3 1 2 2 
1660 2 1 1 1 
1661 2 0 0 2 
1662 2 0 1 2 
1664 2 0 4 3 
1666 2 0 2 3 
1667 1 0 3 2 
1669 2 1 7 2 
1670 1 1 2 2 
1671 1 1 2 2 
1673 2 0 4 3 
1674 3 1 0 1 
1676 1 0 3 2 
1677 1 0 1 2 
1678 1 0 2 2 
1679 1 0 3 2 
1680 3 1 5 3 
1682 1 0 3 2 
1683 3 0 2 3 
1684 1 1 4 1 
1686 1 0 0 2 
1687 2 0 3 2 
1688 1 0 3 2 
1689 3 0 2 3 
1690 2 0 5 2 
1691 1 0 0 3 
1692 4 0 7 3 
1694 3 0 0 3 
1695 1 1 4 2 
1696 2 1 1 1 
1697 4 1 1 2 
1699 1 0 0 1 
1700 1 0 3 3 
1701 4 1 3 2 
1703 2 0 4 3 
