22
25
26
24
24
56
38
53
29
54
9
8
16
27
23
64
34
31
63
23
44
37
74
10
42
35
28
44
21
50
24
23
46
27
39
39
72
60
42
17
43
37
47
48
22
45
34
46
57
21
25
30
67
59
32
68
47
64
43
36
59
35
13
55
25
36
56
35
25
23
69
22
19
36
42
44
36
10
25
34
38
33
38
51
71
20
38
32
34
32
31
50
40
57
31
30
38
36
23
30
41
38
30
56
31
11
19
30
31
64
57
42
59
26
40
53
34
42
55
37
43
27
79
61
11
17
57
42
32
44
73
56
28
43
76
30
42
36
23
55
27
37
11
65
74
32
22
62
46
71
29
40
35
63
19
33
35
59
42
43
49
54
24
15
46
25
26
72
29
44
10
52
53
71
39
58
53
71
20
41
38
17
17
64
18
34
25
32
78
42
18
64
41
32
21
69
34
30
48
49
31
27
41
55
43
34
19
29
21
14
44
38
25
42
26
32
18
38
67
20
28
28
39
19
27
59
50
73
37
19
29
59
57
49
23
28
45
57
50
50
44
48
17
57
41
24
39
28
26
78
41
64
18
22
21
39
49
77
49
51
47
49
22
21
39
43
31
30
80
27
27
43
57
43
33
34
15
26
58
36
45
64
45
64
63
22
17
43
65
49
62
35
44
25
50
31
44
48
43
72
35
32
93
56
52
49
45
43
53
66
70
24
9
37
56
39
54
49
30
31
25
40
49
34
58
56
62
63
61
27
32
57
28
56
74
60
79
39
43
24
51
41
38
51
31
27
60
62
28
37
50
51
37
67
47
43
80
20
31
69
29
55
38
35
51
70
59
22
47
19
29
41
25
39
54
42
48
34
35
50
28
55
26
42
35
28
11
38
47
42
39
27
23
74
31
18
47
65
35
49
22
52
61
33
50
57
38
62
61
32
45
62
45
40
95
39
37
49
71
36
42
45
40
39
35
36
55
56
44
12
5
38
46
54
43
44
55
31
25
48
60
49
28
89
63
57
43
45
31
58
59
39
67
36
18
40
97
46
61
29
64
45
36
46
58
67
42
43
33
35
72
47
23
56
54
22
31
24
36
43
72
29
29
52
24
55
58
54
34
38
30
29
58
32
45
42
62
49
38
43
32
59
44
48
57
36
31
13
45
54
67
65
6
37
71
42
63
32
42
43
49
31
60
39
15
9
42
56
32
44
23
34
37
31
52
20
66
49
29
34
62
36
53
23
66
33
55
52
48
44
24
34
30
30
22
44
26
26
51
17
63
27
24
44
45
63
47
34
31
53
40
39
23
25
31
30
46
41
28
88
63
51
28
56
40
39
65
37
54
43
54
8
33
46
48
50
22
40
69
72
48
18
64
38
60
45
48
47
35
96
36
52
14
57
43
57
11
48
21
54
42
33
55
40
52
39
57
40
74
35
71
64
55
80
46
53
53
48
53
23
44
11
65
74
27
32
53
43
66
20
30
51
30
18
45
56
25
21
71
23
42
53
65
57
47
32
40
35
41
60
41
34
61
31
51
38
31
23
56
26
41
33
40
36
60
40
16
87
45
28
51
51
39
43
35
55
41
12
45
48
43
56
45
61
59
78
30
79
24
39
37
42
53
50
24
24
81
44
36
101
35
30
61
34
75
60
72
54
53
37
53
76
65
38
52
43
41
40
46
27
39
19
41
77
38
44
40
66
54
45
48
62
55
32
23
54
32
52
36
52
56
52
64
26
51
56
38
75
34
41
10
23
26
36
17
36
23
88
55
28
82
20
18
81
19
40
35
25
27
24
44
25
93
32
44
34
25
36
22
74
48
29
35
63
21
42
48
23
38
26
59
29
17
27
61
37
28
46
33
58
30
30
75
35
45
57
83
47
29
67
41
27
78
32
56
46
47
38
43
53
24
61
39
45
32
26
28
26
73
25
60
62
49
45
50
61
37
31
62
37
34
41
66
37
70
34
31
23
49
50
71
44
33
64
48
70
35
31
11
39
32
43
34
43
54
73
50
62
50
62
47
55
47
68
33
72
39
82
12
38
32
83
59
17
61
35
42
36
66
61
71
31
26
10
36
50
43
34
34
43
62
74
22
49
30
39
69
43
56
65
48
49
35
41
22
42
50
41
78
43
70
37
49
32
36
30
22
33
53
45
73
57
62
33
79
68
50
45
44
25
42
26
33
61
29
60
40
64
61
36
15
44
37
50
66
29
38
31
18
57
37
42
63
69
32
40
58
30
28
36
61
20
16
30
63
41
70
50
18
72
26
21
78
22
15
82
34
33
52
63
38
46
30
52
77
52
57
58
41
66
58
66
80
27
31
89
42
50
38
57
63
35
29
49
36
38
21
62
43
64
52
36
69
36
42
50
69
41
43
50
66
70
46
43
49
56
53
72
44
89
59
43
66
36
85
54
37
29
76
26
42
48
61
51
75
42
29
62
50
22
79
68
95
42
34
43
29
19
34
33
50
27
45
27
25
41
25
18
31
50
17
53
41
65
8
30
14
25
48
32
35
52
30
76
39
20
28
21
45
46
34
48
18
64
29
13
28
43
29
26
56
21
39
65
24
33
19
41
32
67
37
31
38
59
24
28
52
50
12
24
33
42
43
46
57
28
41
35
39
49
44
31
26
14
25
49
28
37
48
43
44
47
22
41
56
44
16
46
45
44
18
37
34
58
49
23
57
49
41
6
37
22
70
28
46
41
24
42
52
39
36
30
43
45
32
34
48
33
36
16
51
33
57
13
46
41
47
26
40
28
28
61
35
39
38
45
37
41
44
45
42
45
35
54
35
32
25
29
22
46
53
31
38
43
38
41
32
31
22
45
35
32
63
61
45
67
27
25
58
27
18
31
46
39
56
20
64
41
32
34
51
65
25
24
45
29
52
39
26
46
29
35
42
39
38
26
44
48
54
21
28
25
38
34
40
43
49
42
27
47
25
32
35
23
42
38
17
59
22
33
27
26
33
12
25
24
23
30
33
42
19
45
24
22
20
17
44
24
11
19
25
25
30
29
27
13
19
27
27
21
16
20
38
26
29
26
33
29
31
29
34
16
24
39
28
12
34
16
7
35
27
22
29
24
18
38
1
17
18
31
28
26
51
45
19
30
13
32
33
29
19
24
33
17
34
21
41
31
37
24
33
13
21
23
30
51
20
36
25
32
27
27
9
26
14
33
25
24
23
25
33
20
22
37
39
17
31
22
29
19
12
21
26
20
27
27
31
26
25
34
5
15
31
30
19
24
19
31
32
40
27
37
30
19
45
15
22
25
46
15
48
18
29
23
27
33
23
11
18
33
23
30
30
14
29
21
13
24
34
42
16
33
33
39
17
18
29
19
26
34
34
35
28
30
35
38
26
16
23
37
15
21
21
22
44
25
18
22
22
30
24
20
29
23
35
27
12
20
36
32
16
27
20
30
35
18
27
25
18
34
25
27
32
17
18
23
14
56
15
29
30
13
18
34
14
12
35
32
36
41
27
37
20
22
21
10
4
38
16
32
31
34
20
37
27
25
19
20
27
35
27
30
14
22
46
28
19
40
22
17
26
32
18
31
22
42
26
8
25
26
16
12
28
43
22
47
21
20
25
27
9
28
24
35
21
39
19
36
36
27
53
12
37
16
35
20
28
31
14
21
18
27
28
34
26
17
12
30
22
22
21
20
25
19
36
24
29
18
40
21
33
32
29
15
30
18
21
22
33
42
19
35
38
36
26
30
26
24
20
37
28
21
38
26
26
43
16
41
19
33
19
27
19
23
21
24
35
22
33
34
28
26
29
39
24
28
29
30
43
23
21
37
21
31
19
25
32
27
42
42
29
15
18
43
25
30
16
33
20
26
25
18
18
31
20
11
38
23
29
23
19
36
11
27
23
53
14
35
21
42
19
19
14
12
26
19
35
35
27
22
25
24
18
22
11
19
21
30
25
32
20
44
31
17
37
25
28
23
36
33
35
53
27
40
24
20
14
31
21
24
32
27
36
24
31
13
14
40
24
21
46
24
15
42
23
34
33
21
20
23
40
19
31
27
26
35
37
24
17
22
28
17
27
18
32
24
23
30
24
23
12
31
16
25
22
35
26
22
40
38
21
32
20
31
32
34
26
27
28
7
23
42
32
14
36
36
34
32
29
38
45
14
33
19
23
38
33
27
26
22
35
24
30
29
18
11
30
40
13
29
29
35
11
40
24
43
38
20
24
16
35
25
44
22
27
33
31
24
34
37
33
24
22
28
48
22
32
32
26
21
27
38
33
35
43
40
14
26
28
16
25
24
25
43
38
29
13
31
45
25
30
38
13
25
45
32
22
27
22
26
31
28
23
26
23
40
37
12
35
27
33
37
14
19
24
20
30
38
22
30
41
40
23
20
36
23
36
32
25
22
16
26
36
16
38
21
4
32
19
33
31
32
23
26
28
21
10
18
26
35
38
16
31
31
23
29
20
28
28
30
34
31
8
30
19
32
27
31
15
41
33
24
21
30
31
24
16
23
16
20
26
28
25
40
27
38
21
32
13
6
54
41
23
24
32
29
31
30
20
35
31
13
19
22
39
31
26
14
37
31
21
27
46
5
47
19
29
33
24
35
22
13
5
40
20
30
17
30
28
8
22
12
35
42
21
30
34
33
22
31
20
15
33
37
33
34
35
29
26
29
33
24
48
23
26
25
28
34
19
22
35
23
32
23
38
23
13
46
12
42
28
24
25
20
39
33
25
35
27
32
23
16
35
18
20
15
39
31
24
17
37
9
43
29
27
30
14
31
20
26
14
25
23
27
29
27
31
34
38
10
22
17
27
19
25
28
19
31
25
17
21
25
27
32
25
37
20
37
16
28
25
33
24
24
32
18
29
36
17
23
21
21
29
20
21
25
18
16
43
33
21
18
17
22
38
24
21
18
43
34
32
20
16
34
46
30
23
16
12
37
32
22
37
38
27
46
22
17
18
29
28
29
27
24
36
28
36
25
12
38
21
25
17
34
25
36
21
40
32
16
26
30
22
34
22
27
27
11
21
41
20
28
33
14
45
21
27
28
49
14
35
27
27
22
44
28
24
23
35
19
19
35
15
27
34
20
5
38
23
18
21
18
25
32
32
32
31
20
26
40
3
19
35
23
42
26
35
24
38
19
29
27
27
16
45
18
33
27
15
27
18
25
24
36
35
21
24
16
46
11
18
35
25
40
18
26
17
23
23
34
20
26
29
21
16
38
9
10
39
16
36
22
30
36
18
24
13
27
31
20
19
41
17
21
37
24
20
28
20
20
33
19
27
6
33
29
25
10
22
29
22
37
24
18
28
11
13
37
20
17
12
38
15
20
16
26
27
23
11
18
35
26
27
30
21
35
17
19
34
41
35
20
16
29
27
15
20
30
34
34
34
19
21
25
20
36
13
30
11
30
23
20
23
38
10
18
45
28
25
19
14
33
25
12
16
15
30
31
44
27
25
23
22
33
24
39
25
32
26
20
15
32
15
39
16
26
32
22
34
16
33
25
26
31
29
17
13
15
4
7
29
13
41
18
36
19
17
27
25
34
12
15
31
20
25
39
20
50
31
23
20
19
28
26
20
30
8
16
23
28
31
40
35
16
37
27
48
21
33
40
9
25
30
18
21
45
31
17
23
30
41
10
30
33
8
37
13
33
40
31
23
2
20
12
19
30
22
14
25
31
26
38
37
19
19
31
9
33
15
41
12
34
20
12
23
20
25
20
30
36
30
23
26
22
27
24
32
25
8
17
16
17
22
36
35
28
23
23
15
19
19
16
26
33
23
24
22
29
21
13
24
17
32
41
33
26
20
29
23
11
27
26
29
12
25
18
30
25
11
39
22
25
34
16
29
39
17
15
24
28
25
12
44
32
21
29
24
33
15
53
14
29
37
39
14
22
28
16
31
36
40
22
8
27
36
15
18
22
27
18
24
24
40
21
29
11
31
22
22
7
22
27
18
20
19
19
25
12
47
25
29
23
16
22
29
33
23
29
26
42
16
19
21
26
53
36
21
14
48
22
19
34
30
27
15
32
13
29
27
15
19
25
25
12
31
18
34
39
24
14
32
15
28
29
19
13
39
24
39
9
36
27
25
28
18
23
21
24
35
32
19
36
27
30
35
44
18
19
44
24
30
35
19
15
35
38
20
31
14
54
14
22
29
35
22
30
21
35
18
27
28
22
29
31
16
36
23
20
33
27
14
30
18
36
15
16
21
31
16
27
24
20
33
27
38
26
23
22
23
31
17
35
30
30
34
17
37
20
40
12
33
15
32
22
26
40
21
24
29
30
29
20
32
21
21
28
8
39
15
19
46
31
24
24
47
15
39
14
5
28
30
20
14
18
44
31
36
20
32
36
32
20
26
24
36
32
22
7
25
24
22
19
21
25
27
49
33
39
22
38
24
17
15
29
25
29
15
29
28
23
19
16
32
9
16
33
26
35
37
21
11
17
14
30
43
23
25
23
14
20
21
18
1
21
25
15
33
13
31
15
20
15
12
21
37
26
32
5
33
33
27
22
26
29
26
23
17
26
31
40
16
16
45
41
41
38
18
14
23
33
28
25
32
21
21
8
21
19
13
16
18
28
37
12
44
11
21
28
25
19
26
7
42
40
23
24
20
18
18
35
22
22
27
26
15
23
15
25
34
13
28
26
28
20
15
17
46
10
45
18
