22.4525
24.8468
26.2999
23.6277
24.4365
56.0889
38.4834
52.5685
28.6617
54.0822
9.1179
7.9369
16.1267
26.8665
23.4413
64.0681
33.7736
30.8978
63.1553
22.8623
44.3115
36.5886
74.3262
9.78339
41.6618
34.6305
28.3681
44.3575
21.349
49.5424
24.4148
22.765
46.0746
26.5337
38.7299
38.5578
72.1411
60.1679
41.9951
16.5156
43.4797
36.6655
46.7637
48.2252
22.3618
44.6253
34.4479
46.4027
57.3919
20.7331
24.5509
29.8254
66.7868
58.7801
32.3844
68.4124
47.2075
63.9946
43.0321
35.592
59.1175
35.395
12.991
54.9968
24.6604
35.7823
56.1903
35.3346
24.5596
23.3629
69.4585
21.8965
18.9947
36.4431
42.4575
44.4322
35.9144
9.75098
24.6738
33.6561
37.8736
32.9393
37.8376
50.7958
71.4913
19.8334
37.7455
32.051
34.2568
31.8785
31.3513
49.6111
39.5532
56.8364
30.5342
29.6342
37.8687
35.7844
23.4793
29.636
41.1881
38.1595
29.9348
56.1046
30.7121
10.6495
18.7792
29.5281
31.3689
64.0376
56.8468
41.8266
58.8209
25.7182
40.3257
53.3277
33.7608
41.9041
55.1719
37.0257
43.0307
27.1679
78.6273
60.5114
10.9974
17.008
57.3958
41.8788
31.8171
43.9552
73.3963
56.0248
28.4364
43.0928
75.7771
29.7719
41.7067
35.8961
22.612
54.7483
27.1653
36.5367
11.4511
64.5831
73.8957
31.5044
21.9533
62.4006
45.818
71.0484
28.8223
39.59
35.4498
62.6935
18.652
33.4716
35.3129
58.8151
41.5849
43.3133
49.3542
54.1716
24.0575
14.6582
46.0316
24.961
26.0536
72.2578
28.9063
43.6764
9.84272
52.0106
52.5751
70.645
39.1393
58.1272
53.4722
71.4502
19.6972
40.6223
38.3558
16.6438
16.7253
63.8675
18.1067
33.8006
24.6967
31.7301
78.1792
41.8301
17.7805
63.5328
40.9339
32.2133
21.0081
68.7027
33.5849
29.6901
48.1507
49.4862
31.2777
26.7853
41.2115
54.8238
42.7737
33.5861
18.5476
28.7779
21.3297
13.9672
43.7026
37.531
25.4001
41.8702
25.8395
32.1884
18.0662
38.4106
67.3428
19.5524
28.4731
27.8494
39.0966
18.8276
26.5169
59.3319
49.6141
72.7491
37.1262
19.1074
28.5625
58.9243
56.6361
49.0363
22.7293
27.5817
45.287
57.4933
50.2846
50.2021
44.3457
48.104
16.8089
56.9046
40.7317
23.5242
38.5031
28.3847
25.7835
77.7086
41.1924
63.9651
17.7019
22.2596
20.8016
39.436
49.2107
76.7295
49.4847
50.9478
46.608
48.9482
21.865
20.8581
38.6147
42.6057
31.0293
30.4018
79.832
27.2264
27.2287
43.0623
57.2699
43.2027
32.8854
33.9608
15.211
25.5786
57.7078
35.801
45.1846
64.3261
44.6638
63.6785
62.6368
22.2122
16.505
43.1427
64.5504
49.0567
61.8069
34.6159
44.159
24.7029
50.3028
30.631
44.1551
48.3207
42.7689
71.8204
35.2655
32.1658
93.2167
56.3699
51.5709
48.5183
44.9533
42.6916
52.6211
66.2261
70.106
23.6648
9.25369
36.812
56.3811
39.2485
53.6719
48.9689
30.1919
30.5536
25.3903
40.3687
48.63
33.7488
57.7483
56.2074
61.5841
63.0043
61.3355
26.9059
31.9458
57.2859
27.5771
56.0827
74.2494
60.4777
79.1934
39.0704
43.2636
24.4882
51.4687
40.9847
37.7838
51.175
30.8008
27.1037
60.1024
61.5944
28.3455
36.809
49.7077
51.3776
36.9736
67.2115
47.2025
43.4121
80.3638
19.8807
31.2053
68.7909
28.7361
54.5082
37.8433
34.9828
51.3911
69.9033
58.7793
22.124
47.4316
18.9954
29.3446
41.1998
25.0744
38.9241
54.0464
41.8274
47.7822
33.8841
34.8913
50.1003
27.9506
55.0721
25.8049
41.8849
35.3107
28.4194
11.4227
37.8476
47.3379
42.163
39.3958
27.3545
23.087
74.1868
30.7142
18.3858
46.9381
64.7603
34.9782
49.4239
21.6339
52.3025
60.6847
33.3336
50.1025
57.2451
37.5582
62.0561
60.7495
31.8014
44.7242
61.829
45.1052
40.4367
94.9928
38.7844
37.4138
49.3628
70.9364
36.1626
42.2875
45.1154
40.166
38.8745
35.2103
36.3328
54.817
56.3246
43.549
12.2521
5.21358
38.1827
45.8888
53.7258
43.4439
43.869
55.0758
31.0414
25.2146
47.7603
60.2814
48.5329
28.1655
89.2862
63.1308
56.6599
42.5235
44.6505
30.7073
58.461
58.8712
39.494
66.8444
36.2453
18.4974
39.5202
96.7785
46.2323
61.0052
28.6603
63.6801
44.5144
36.1672
46.4045
58.1568
67.0876
41.5146
42.7538
32.647
35.0152
71.661
46.9241
23.2398
55.639
53.8361
21.785
30.6754
23.8441
35.6578
43.4976
71.8992
29.1439
29.1412
51.9719
24.2698
54.6748
57.8191
54.1185
33.7014
37.5427
30.3518
29.3282
57.7072
31.6095
45.3608
42.2049
61.6168
48.665
37.9446
43.0123
31.7983
59.4156
43.771
47.9354
56.5284
36.4911
31.108
12.5052
44.6279
53.7124
67.4222
64.5066
6.42687
37.0328
71.2925
42.4851
62.971
32.0018
42.3523
43.0739
49.4384
31.4186
60.43
38.8013
15.3922
8.75764
41.9252
56.0681
32.3638
43.9193
23.1941
33.6071
37.1102
30.8122
52.4454
19.5436
66.255
48.8787
29.1789
33.7471
61.871
36.3263
52.5715
22.5054
65.9849
32.6866
54.8719
52.0426
48.0291
44.1908
23.931
33.5725
29.5446
29.8351
22.0808
43.7721
25.9771
26.4664
50.9793
16.7451
63.114
26.6407
24.0652
44.1086
44.7432
63.4617
46.6604
33.6572
30.7004
52.813
39.8888
38.744
23.0046
25.4831
31.1358
29.6125
45.7067
40.9799
28.0772
88.1627
62.9199
51.4934
28.4783
55.5931
40.0559
39.2845
64.537
36.8869
54.3856
42.6188
54.1807
8.36259
32.5754
45.6093
48.0814
49.9438
21.912
40.2609
69.1172
72.4903
48.3319
17.5861
63.8657
38.3169
59.93
45.3792
47.5118
47.0592
34.7319
96.0657
35.789
51.549
14.0078
56.9066
43.0285
56.5658
10.6558
48.284
20.6146
54.4929
41.7562
32.5145
55.4433
40.3903
52.2202
38.574
56.9908
40.4389
74.4484
35.4858
71.4923
64.4405
55.1745
79.5956
46.4244
52.8944
53.4153
47.5563
53.3738
23.0705
43.7099
11.3217
65.2483
74.3116
27.3947
32.3616
52.9152
43.2436
65.8908
19.6186
30.0936
51.4398
30.4042
18.1798
44.9773
55.8793
25.0043
20.7707
71.083
23.2541
42.0103
53.0252
64.641
56.9608
46.5579
31.8136
39.7314
35.4344
40.7721
59.5016
40.95
33.5063
60.7418
31.2997
51.192
37.5017
31.4363
22.5732
55.7338
26.4367
40.8532
33.2918
39.7896
35.9207
59.9177
39.6243
16.2311
86.7246
45.2099
27.7654
51.3442
51.1887
38.792
43.1318
34.608
54.8548
40.6518
11.7105
45.0797
48.2157
42.6566
56.0886
44.6916
60.635
58.9821
78.2571
29.6863
78.6844
24.2688
39.3916
36.9765
42.3498
52.61
50.4404
24.4203
24.2581
81.0545
44.4099
35.7531
100.648
35.1144
30.2841
61.1776
33.6828
74.8558
60.223
71.6188
53.6007
53.4373
36.8169
52.7654
75.6052
65.132
37.5202
51.9714
42.5301
40.6535
39.5281
45.7014
26.8155
38.8622
18.6713
40.7687
77.301
38.4133
43.5081
40.3747
65.9938
53.515
45.1578
47.8809
61.8256
55.2747
31.6499
23.0573
53.9167
32.4805
52.3455
35.9712
52.2324
56.1362
52.058
63.7836
25.8661
50.7565
56.4163
38.4351
75.1936
34.1597
41.4139
10.1944
22.5604
26.4796
36.2062
17.1447
35.5404
22.845
88.3468
54.7039
28.0044
81.7424
19.8038
18.0845
80.5691
19.3271
40.0845
35.0585
25.3299
27.3165
23.9303
43.9211
25.0854
92.7977
32.226
43.8252
33.7496
24.5536
35.8497
22.4591
74.251
48.4335
29.3563
35.396
62.9942
20.6368
41.7842
47.9467
22.6116
37.7334
26.3967
59.3607
29.3408
16.9134
27.0442
60.7117
37.2806
28.2264
45.5078
32.9483
57.9257
29.5077
30.1844
75.3656
35.3353
44.6109
57.0195
82.7126
46.6511
28.8941
66.7878
40.738
26.9297
77.6887
32.1118
56.1573
45.7234
46.9403
38.0371
43.4553
52.9523
24.0349
61.4362
38.9249
45.3466
31.6305
25.9987
27.5421
26.4554
72.8236
24.7828
60.0804
62.2486
49.246
44.505
50.2154
60.5744
37.1658
31.2735
62.2912
36.6418
33.5043
40.7041
65.9892
37.3055
69.7139
33.5715
30.5771
23.4039
48.7593
49.6153
71.3758
43.5024
33.4405
63.7279
47.5074
69.9577
34.5521
30.7146
10.9225
38.9857
32.0512
42.6282
33.778
43.0537
54.3155
72.8053
50.2717
61.8614
49.9579
62.1224
47.0882
55.0217
46.9801
68.3348
32.841
71.6285
38.6097
82.055
12.3987
37.7012
32.0447
82.9338
59.2115
16.7203
60.6156
34.6324
41.5733
36.3711
65.7098
60.9833
70.7331
30.5973
25.8047
9.57032
36.2065
49.9048
42.8963
33.9652
34.0013
42.6516
62.0609
74.2139
22.2691
48.9483
30.3649
39.0611
69.374
43.4457
55.6708
65.2015
48.2526
49.1695
35.419
40.5886
22.2696
41.8209
49.5201
41.3599
77.7864
43.374
70.0327
36.6708
49.1459
32.1022
35.8038
30.4006
21.6216
33.4011
52.7025
44.6422
72.6156
56.5401
61.5979
33.0534
79.4142
68.3296
49.9866
44.6499
43.9914
25.2155
42.495
25.869
33.2559
61.3677
29.2472
60.2396
39.9288
63.9481
60.8683
36.241
14.658
44.0828
37.2394
49.63
65.661
28.5625
38.3381
30.5436
18.0874
57.4721
37.1049
41.8512
62.6986
69.4423
32.162
40.1204
57.8705
30.4573
27.9673
35.7651
60.5359
20.3722
16.2192
29.9394
62.6007
41.1904
70.0828
49.5812
18.4463
71.6282
26.4558
20.5998
78.038
21.6932
15.0362
82.0507
34.4799
32.9716
52.438
62.8509
38.2465
45.6182
30.4597
52.1957
77.4518
52.4269
56.7398
58.3283
40.6761
66.2305
58.4268
65.7375
80.158
26.7694
31.0473
89.4751
42.1635
50.4182
38.3454
56.8936
62.9736
34.566
29.3159
49.4689
36.3717
37.916
21.2822
61.9083
42.6881
63.5581
51.5604
35.5136
69.2003
35.9297
41.8968
50.3279
69.229
41.2682
42.9049
50.4393
66.3843
70.4601
45.6895
42.9827
49.4443
56.1176
52.6735
71.7127
44.1756
89.2007
59.469
43.2649
65.6446
36.1105
85.2494
53.7381
37.4696
28.6312
75.6172
25.6533
42.2486
48.0794
61.4638
50.7164
74.9031
42.3933
28.9016
61.9868
49.8072
21.8174
78.9025
67.9411
94.6311
41.8398
33.7345
43.3962
28.9979
19.3017
33.8388
33.2359
50.2288
26.6714
45.4296
27.0653
24.9621
40.7292
24.613
18.4746
30.6805
50.1275
17.2573
52.8221
41.1488
65.1854
8.3595
29.5012
13.8608
25.3277
47.693
31.8678
35.133
52.4094
30.4213
76.005
39.4289
20.4179
27.7723
21.2576
45.0822
46.2751
34.332
48.4279
18.1329
63.5418
28.8312
13.2251
27.8823
43.0011
28.9911
25.9919
56.332
20.6919
38.536
65.2169
23.5014
33.2788
19.0329
40.9614
32.3932
66.553
36.5036
30.9137
37.5889
58.5898
24.3909
27.5926
51.5211
50.3249
11.9311
24.4619
32.5535
41.7252
42.8204
46.3798
57.4964
27.9147
41.3088
35.295
39.3768
48.7096
44.3453
31.1895
26.1042
13.7165
24.7266
49.1105
27.8123
36.842
48.1587
43.3894
44.0745
46.6548
22.2453
41.033
55.8442
44.2969
15.6752
45.8579
45.2326
44.137
17.6238
37.0134
33.8364
57.7589
49.4085
23.2171
56.8587
48.7675
41.1443
5.7427
36.8319
21.6929
70.4143
28.0814
45.5882
41.0033
23.6601
42.4633
51.8304
38.6435
35.5638
29.6485
42.8585
44.9986
32.3912
33.9002
47.5613
32.9333
36.3103
16.1005
50.8309
32.7598
57.2568
13.2016
45.7759
40.9588
47.1965
25.766
40.2868
27.7619
28.107
61.3308
34.9993
38.9233
37.7628
44.8672
37.3506
40.8441
44.2773
44.5028
41.7242
44.5952
35.1313
53.7271
35.2915
31.7734
24.9901
29.2048
22.1474
45.9003
52.8053
31.0163
37.6155
42.5839
37.8971
40.5117
32.1607
31.2217
21.7189
44.7461
35.0022
31.5503
62.6635
61.3152
45.1767
67.165
26.5375
25.1905
58.0082
27.3371
17.9128
30.77
46.2607
38.8506
55.586
20.0934
64.2944
40.9617
32.0744
34.344
50.7864
65.2727
24.6746
23.5246
44.8287
28.7839
52.0464
39.0679
25.7712
46.3635
28.5596
35.2594
42.1988
39.0843
37.8889
25.7008
43.5752
48.0014
54.491
21.1217
27.7348
24.5615
37.7242
34.2572
40.2866
42.6763
49.419
42.2915
26.7893
47.0031
24.5323
32.0642
35.0713
23.2709
42.0257
37.625
16.79
59.0922
21.9082
32.7742
27.0045
26.4726
32.5904
11.5354
24.5996
24.0232
23.1215
29.6235
33.0319
42.3498
19.2886
45.3654
23.7576
21.7808
19.7999
16.6965
44.2506
23.7958
10.5665
18.5984
25.1258
24.759
29.5409
28.8163
26.6056
12.6688
18.5081
27.0494
27.3998
21.3978
16.4929
19.611
38.486
26.3207
28.979
26.0511
32.7368
28.5393
31.0305
29.1059
33.6009
15.7096
24.0513
38.8332
28.4094
12.3507
34.3209
15.5396
6.69384
34.886
27.279
21.7014
28.7578
24.2529
17.9508
38.1167
1.10641
16.8754
18.2979
30.7849
28.0048
26.2832
51.3129
44.6395
19.2593
30.4687
13.2936
32.0077
32.9017
29.2586
18.8113
23.724
32.9529
16.525
34.4229
20.7829
41.0001
31.0249
36.6984
24.311
33.2774
12.9912
21.2741
22.7473
29.6534
50.8892
19.6915
36.3673
24.8115
32.0481
27.014
26.9055
9.41735
26.351
13.929
33.1046
24.9883
23.8519
22.9119
24.7202
32.8546
19.764
22.2628
37.0718
39.2735
16.5575
30.7884
22.1926
29.1091
18.5243
12.2073
21.4277
26.0318
19.6819
26.8313
27.0753
31.017
25.734
25.0136
33.5657
5.35678
14.9011
30.564
30.3625
18.5554
24.1593
19.3116
30.9469
32.4877
40.2483
26.5059
36.7817
30.3868
18.6309
45.2815
15.3661
21.5802
25.3252
45.7578
15.3208
47.9664
18.3724
28.8413
22.9811
26.9518
32.6416
23.1409
11.0688
17.5276
32.797
23.1059
29.5351
29.6717
14.4363
29.0947
21.3529
12.582
24.2867
34.109
42.2697
16.4216
32.5092
33.4786
39.2782
16.5257
17.9607
29.2402
19.0683
26.4743
34.2306
33.5728
35.219
28.3482
29.7013
35.1768
38.3483
25.892
16.1909
23.4033
36.8564
15.1833
20.699
20.8257
22.0856
43.5691
24.5963
17.7403
21.6805
22.3214
30.1109
24.0286
19.6602
29.1437
22.5762
34.6859
26.5741
11.7915
19.7265
35.7296
31.5197
16.0426
26.5349
19.754
30.2029
34.7055
18.3106
27.3965
24.9921
18.253
34.1152
24.6242
27.3449
32.2724
17.0936
17.8727
23.1316
13.8119
55.942
15.3735
29.2437
30.4495
13.4387
18.1582
34.0959
14.3934
12.1666
35.2105
32.1821
36.2043
41.4216
27.2451
36.6852
20.3815
22.2186
21.0003
10.0612
3.70186
37.7078
16.3744
32.2563
31.3959
34.0328
20.2512
37.2184
27.3857
25.0722
19.0047
19.8195
26.5958
34.6923
27.1742
29.5631
13.7838
21.5957
46.4419
27.9255
19.0157
40.3183
21.9947
16.6185
25.544
32.3365
18.1031
30.9842
21.6211
41.9839
26.0713
8.34999
25.4356
26.3884
15.6906
11.9883
27.5259
42.7387
21.5882
46.654
21.261
19.7048
24.7925
27.2386
8.67773
27.7576
24.4152
35.1012
20.9525
39.2675
18.982
36.4988
35.9897
27.314
52.7262
12.1627
37.1103
16.2392
35.2936
20.0463
28.0774
31.0852
14.1754
21.4386
17.6423
26.9182
28.3513
34.1202
26.321
17.0921
11.7709
30.0315
22.0243
21.6999
21.0451
19.7433
24.7058
18.5124
35.8545
24.2093
28.9935
18.44
39.8933
20.6297
32.5937
32.1081
29.1545
15.0542
29.813
17.7023
21.3753
21.8205
32.6268
42.2428
18.6763
34.6447
37.707
35.5242
25.896
29.5207
25.901
24.4873
20.4713
36.8764
28.2003
20.5945
38.1362
26.4703
26.4203
42.9552
15.5714
41.1921
19.152
33.4099
19.3232
27.0821
19.0158
23.128
20.8099
23.8191
35.2556
22.0435
33.0208
34.4979
27.5041
26.4336
29.0374
39.0936
24.4007
27.7429
29.4986
29.7651
42.7258
23.4323
21.0143
36.792
21.0411
30.6214
19.314
25.4031
31.6634
27.4035
41.5628
42.0969
28.5571
14.81
18.2265
42.8851
25.0613
29.9883
16.4353
32.8342
19.8966
26.4029
24.6171
18.2639
17.6492
30.9954
20.4701
10.8399
37.7026
22.9228
28.8289
22.628
19.2613
35.7551
11.1718
27.2523
23.4019
52.7937
14.2707
35.1328
21.286
41.8518
19.1444
19.167
14.4498
12.3525
26.2224
19.2748
34.6227
35.4834
26.5138
22.2841
24.528
23.9623
18.4739
21.8141
11.4828
19.0919
20.8164
29.6865
24.8182
32.2286
20.145
43.5547
31.1894
16.5629
37.3256
24.5638
28.1883
23.1934
35.8111
33.3381
34.7624
52.8449
27.4385
40.3275
24.2743
20.4253
13.6287
30.8726
20.6786
24.2745
32.3244
27.3087
35.6104
23.7163
30.6231
12.7733
13.8793
39.8395
23.7181
21.0461
46.3678
24.4526
14.6271
42.3649
23.1432
33.5459
33.4692
20.9011
19.9021
23.0761
39.91
19.3606
31.3573
27.1627
25.6238
35.0566
37.2888
23.9933
16.9364
21.6182
27.5168
17.4667
27.1502
17.6383
32.1825
23.5192
23.2941
30.0207
24.3762
23.1844
11.5311
31.4389
15.6105
25.3127
22.3524
35.0434
25.7655
22.1351
40.0579
37.6877
21.0728
31.749
19.6697
30.7343
32.1109
34.2635
25.8896
26.701
28.0755
6.74636
23.3036
42.3948
32.1026
14.002
35.8672
36.1793
34.3498
32.2124
29.3613
38.1772
45.1724
13.9922
32.8576
18.9818
22.8354
37.9136
33.1778
27.218
25.827
21.6495
35.3642
24.203
29.6085
29.0713
17.99
10.6144
30.255
40.0596
13.1729
29.3955
29.4419
34.9062
10.9318
39.6801
23.9654
43.2012
38.1807
20.2474
24.124
16.1679
34.8475
25.0061
44.209
22.4675
26.9689
33.4019
30.8756
24.0106
33.6079
37.0174
32.5637
23.7859
22.3392
27.5403
48.2815
21.6047
31.8814
31.7593
25.9706
21.2285
27.4318
38.4231
32.6984
35.4128
43.4382
40.4001
13.9341
25.6644
28.3764
16.15
24.766
23.6183
25.3173
42.6898
37.9227
28.8925
12.6276
31.4446
45.1396
24.7995
30.4894
38.1214
13.3007
24.565
45.3405
32.1485
21.6619
27.2471
22.0118
26.3205
30.9047
27.6697
23.4734
26.3065
22.5336
40.1714
36.9387
12.3702
35.0132
27.4271
33.1647
37.2654
14.4049
19.2043
24.2879
20.3231
29.5806
37.6166
22.0655
30.397
41.1872
40.275
22.6966
19.623
36.2043
22.9482
36.2398
31.6901
24.8028
22.2486
15.6781
26.1082
35.9106
16.2577
38.1532
21.3359
4.27516
31.5848
18.7391
33.1535
30.9873
32.2606
23.1795
25.8975
28.3102
21.2757
9.60588
17.9435
25.6369
35.0312
37.8845
15.8054
31.3095
30.8562
22.7506
28.5472
20.0477
28.3751
28.056
29.848
33.8594
30.8506
8.00594
30.0287
18.5391
31.9626
26.5812
31.2893
15.2379
40.5151
32.8725
23.775
21.2963
29.996
31.3087
23.9516
16.138
23.1503
15.7876
19.6297
25.7936
27.5191
24.9868
39.7268
26.7772
37.884
20.847
31.6135
13.1451
6.18864
53.7577
40.6667
23.2182
24.3432
32.4811
28.5189
30.7111
30.3878
19.7709
34.5959
30.9566
13.3937
18.8313
22.1488
38.9522
30.5217
25.8189
14.0127
37.0624
30.7559
21.2832
27.0376
45.5915
4.89641
47.4748
19.2049
28.7788
32.9995
23.6088
35.3834
22.1646
13.4364
5.30969
39.7175
20.2231
30.4697
17.1571
30.4077
28.4853
8.40059
21.6167
11.761
35.065
42.191
21.3121
30.1869
34.0349
33.0242
22.4382
31.0774
20.1819
15.2528
33.0436
36.9106
32.5686
34.0449
35.0929
29.0887
25.6792
29.1089
33.3064
23.898
47.9367
23.1488
26.3836
24.7604
27.5556
34.3841
18.84
21.796
34.8294
22.8511
31.5217
22.7185
38.0969
22.9231
13.3296
46.3039
11.8202
42.4342
28.1497
23.6199
24.8661
20.469
38.7706
33.4153
25.1111
35.3453
27.1677
31.6969
22.5105
16.3303
35.0439
18.061
19.9013
15.4391
38.6451
30.801
23.8732
16.706
36.6777
9.03716
43.0435
29.0644
26.8553
29.5968
13.9989
30.717
19.7043
25.8041
13.667
25.1273
22.9535
26.8469
29.0037
26.5163
30.7084
33.5201
38.4895
9.92405
22.1193
17.2597
26.5803
18.5144
25.2462
27.8232
19.2634
30.8329
25.1088
16.7036
20.8044
24.8125
27.3302
32.0623
24.9883
36.9611
20.1291
36.755
16.2094
27.7441
24.8938
33.294
23.5091
24.1954
32.024
18.0134
28.7637
35.5366
17.4004
22.7656
20.6692
20.5213
28.6967
19.593
20.6686
25.4723
18.2548
16.4281
42.6421
33.3858
21.2788
18.0038
16.5079
21.5705
38.4183
23.6607
21.0616
17.7661
42.736
34.4598
31.629
20.1615
16.4957
33.5856
46.3538
29.8549
22.8186
15.6283
11.6602
37.2102
31.9613
21.5512
37.3553
37.9818
27.2058
45.6215
22.1356
17.4381
17.9853
29.3901
28.3441
28.8947
26.8519
23.7599
35.6327
27.5855
35.5195
25.497
12.4659
37.7467
20.6896
25.1964
16.8438
33.6882
25.0813
35.9748
20.8373
40.3059
31.7332
16.0049
26.1829
29.7215
21.8024
34.3477
22.0982
27.4362
27.1977
10.9157
21.3948
41.1973
20.4886
28.4918
33.2154
13.7096
44.571
21.365
27.3022
28.4129
49.2143
13.629
34.8288
27.1293
27.2952
21.5229
43.8402
28.381
24.3099
23.1971
34.5364
19.2104
19.2988
34.7782
14.9686
26.5022
34.1376
19.86
4.95514
38.1724
23.3631
17.8354
21.3328
17.5503
25.3522
32.4257
31.5202
32.4782
31.3013
20.1771
26.1358
40.1972
2.96325
18.8454
34.9342
23.091
41.6669
26.3203
35.0346
24.4574
37.5364
19.3371
29.1739
26.7596
27.4111
16.4893
44.8935
18.2305
32.9673
26.6825
15.3082
26.7837
18.0856
24.5427
23.5612
36.3722
35.3406
21.0796
23.943
15.6236
45.9277
10.8195
17.5908
35.0415
24.953
40.0074
18.4908
25.912
17.3857
22.714
23.2356
33.9913
19.5337
26.2478
29.4934
20.8616
15.5757
38.1995
9.10698
10.2915
39.1167
16.0293
36.0596
21.8917
30.1641
35.7269
17.7659
24.3499
13.155
26.9095
31.0347
19.5778
19.0694
41.1294
17.0407
21.464
36.925
24.104
20.3065
28.0888
20.4069
19.937
33.1197
19.2122
26.7616
5.63249
33.2142
28.6814
25.0858
9.62433
22.2556
28.7492
22.4683
36.9428
24.0116
17.9579
28.0047
11.0998
12.5697
37.2399
19.7323
16.666
11.664
38.0877
14.5047
20.1768
16.3072
25.9389
27.2346
23.1148
10.9442
18.4013
35.4213
26.217
26.558
30.2351
21.4874
34.8525
16.6159
19.4446
33.7525
41.4858
34.8536
19.6302
16.0276
28.5211
27.1773
14.5073
19.5132
30.2718
34.2047
33.589
34.1985
18.5937
20.7009
25.4911
19.7678
35.7934
12.8227
29.7219
10.7649
29.6557
23.4329
19.8383
22.6177
38.1237
9.85676
18.2265
44.6439
27.5008
25.0915
18.6568
14.4644
32.5493
24.7056
12.1566
16.2374
14.6417
30.0861
31.1996
44.191
26.7087
25.2207
23.1692
21.881
33.234
23.5634
39.3094
24.7935
31.7306
25.5748
19.6969
14.7653
32.4726
14.8924
39.2828
16.1932
26.3866
31.6355
22.2299
33.7481
16.074
32.9547
25.1471
26.0284
31.4493
29.0717
16.583
12.7675
14.7416
4.38763
6.65318
28.9669
13.0203
41.2941
17.6072
35.9755
18.5578
17.036
26.6419
24.6242
33.71
12.4947
15.2895
30.5799
19.7998
25.4476
38.5319
20.3089
50.0912
30.7859
23.2266
19.7576
19.2579
28.458
25.9967
19.763
29.5911
7.73523
16.3316
22.868
28.3532
31.4859
40.2887
35.2564
15.5988
36.8448
26.6124
48.4244
21.3021
32.5643
40.1995
9.37766
25.3338
29.7073
17.8082
21.4928
44.6303
31.3883
16.7833
23.0082
29.6724
41.1746
10.2234
30.3254
33.3245
7.75896
36.6413
12.6815
33.0772
39.5275
30.7888
23.0334
1.75785
20.0103
11.8309
19.0633
29.8226
22.0273
13.538
25.4237
31.2469
26.3744
37.7836
36.7192
18.9239
19.0247
30.8941
9.12098
33.1231
14.9507
40.615
11.5128
34.3045
20.3485
11.841
23.4063
19.5876
25.3032
19.6593
29.5463
36.3119
29.8369
23.2242
25.6673
21.5129
27.0284
24.2772
32.4254
25.4697
7.81919
16.9517
16.3154
17.4012
21.9454
35.7749
34.5994
27.5909
22.6156
23.1463
15.3955
19.0424
19.2524
15.9693
26.0496
33.4226
23.4716
23.7815
21.7245
28.6472
21.2276
12.5034
23.5135
17.3459
32.031
40.6449
32.6866
26.4874
20.4481
28.9551
23.0865
10.917
27.1048
26.2655
28.766
11.8731
25.2985
18.4178
29.6698
25.2397
11.4037
39.3089
22.1346
25.1896
33.9558
15.883
29.1095
38.708
17.2939
14.8993
23.6755
27.803
25.283
11.6956
44.3129
32.0937
21.4065
28.776
24.1611
32.8397
15.3487
52.6051
14.3698
29.0916
36.8865
39.4297
14.2126
21.7726
27.6155
15.5926
31.4473
35.6516
40.1455
21.935
7.85014
27.1737
36.4187
15.429
17.876
22.3279
27.0646
17.751
23.5797
23.5833
40.0084
20.674
28.6715
10.6302
30.9367
21.9715
22.312
6.83855
21.94
27.4712
18.3799
20.1571
18.5535
19.3883
25.4343
12.2343
47.4042
24.7386
29.2175
23.3092
16.0187
22.0326
28.9558
33.4335
22.7541
28.8041
26.2718
41.9719
16.1795
19.3228
20.6323
25.8073
53.0939
35.7348
20.7902
14.3691
47.9313
22.0929
19.1821
33.5792
29.5265
27.4203
15.438
32.4367
13.3713
29.4893
27.4791
14.6622
19.1089
25.4968
24.7405
12.1073
30.8655
17.9203
34.2015
38.934
23.8264
13.8608
32.0151
14.9214
27.6746
29.0664
19.4216
13.0557
39.1629
23.9358
38.7121
8.8082
36.488
26.8061
24.7694
28.0294
17.6646
22.8971
21.3641
24.1006
35.4096
31.8226
18.6705
36.1624
27.4387
29.6821
34.9804
44.2136
17.6772
19.2688
43.725
24.1607
30.4895
35.403
18.868
14.7175
35.0036
38.096
20.2541
31.1188
13.8847
54.0721
13.8574
21.7313
28.8748
35.4055
22.0395
30.4811
20.7288
35.1579
17.9236
27.194
27.9025
22.0173
29.4189
30.5565
15.909
35.6446
23.0961
20.3131
32.9435
27.2098
14.0204
29.6841
18.3048
36.1049
15.053
15.5642
21.3094
31.4869
15.8848
26.9491
24.2651
19.9127
32.7584
26.9788
37.9861
25.9279
23.0752
22.0536
22.9821
30.9448
16.7349
35.0496
29.8584
30.0855
33.7786
16.5405
37.4596
19.53
39.9402
11.797
33.4966
14.5651
32.3692
21.5609
25.8438
40.2182
21.3408
23.9092
29.1568
30.2608
28.6682
19.5594
31.6052
21.4913
20.7304
27.9284
7.90392
39.4716
14.5458
19.4557
45.7466
31.2499
24.3912
23.5417
47.1922
15.1495
38.851
14.084
5.49818
27.683
30.4692
19.7919
13.8059
18.0801
43.5984
31.4367
35.5087
20.3418
31.6141
36.4247
32.4945
19.6182
25.6843
24.4875
35.7373
31.615
21.9761
7.2184
25.1917
24.1925
21.6115
18.7829
21.4737
25.4298
26.5002
48.7089
33.136
39.358
21.9811
37.7222
24.369
17.1866
15.2777
28.8003
25.3709
29.2767
15.008
29.0201
28.4102
22.9468
18.7018
15.6328
32.0507
9.27774
16.3098
32.6675
26.0072
35.1492
37.1781
20.9907
10.6596
17.4954
13.6902
29.7727
42.9011
23.3429
25.1816
22.6273
14.487
19.8859
21.2976
18.2134
0.906615
20.6405
25.2479
15.2688
33.4594
13.0242
30.7284
14.8815
20.341
15.1068
11.7055
20.7933
36.9147
26.3767
32.049
4.7994
33.1393
33.4617
27.3322
22.3637
26.4518
29.3372
26.1206
22.5192
17.4941
26.3103
31.2454
39.5575
16.1551
15.5928
45.415
40.7987
40.5598
37.7204
17.5055
13.8755
22.6989
32.8159
27.9817
25.4305
31.7727
21.4625
20.5011
7.56834
20.7342
18.9586
13.1937
15.9257
18.0007
27.8971
36.8342
11.939
43.8082
10.9146
21.4087
28.1766
25.2687
19.1106
26.4226
7.05696
41.7289
40.1402
23.2698
24.1299
19.7959
17.9604
18.2454
35.4906
22.0297
22.1269
27.02
25.5411
15.2972
23.385
14.9664
24.5304
34.389
13.4873
27.5141
26.2078
28.355
19.6029
14.6849
17.2024
46.4708
10.0463
45.0458
17.6851
